   1.0000000e-03   1.3090000e+04
   1.0000000e+05   1.3090000e+04
   2.0000000e+05   1.3080000e+04
   3.0000000e+05   1.3070000e+04
   4.0000000e+05   1.3050000e+04
   5.0000000e+05   1.3030000e+04
   6.0000000e+05   1.3010000e+04
   7.0000000e+05   1.2980000e+04
   8.0000000e+05   1.2950000e+04
   9.0000000e+05   1.2910000e+04
   1.0000000e+06   1.2870000e+04
   1.1000000e+06   1.2820000e+04
   1.2000000e+06   1.2770000e+04
   1.2215000e+06   1.2170000e+04
   1.3000000e+06   1.2120000e+04
   1.4000000e+06   1.2070000e+04
   1.5000000e+06   1.2010000e+04
   1.6000000e+06   1.1950000e+04
   1.7000000e+06   1.1880000e+04
   1.8000000e+06   1.1810000e+04
   1.9000000e+06   1.1730000e+04
   2.0000000e+06   1.1650000e+04
   2.1000000e+06   1.1570000e+04
   2.2000000e+06   1.1480000e+04
   2.3000000e+06   1.1390000e+04
   2.4000000e+06   1.1290000e+04
   2.5000000e+06   1.1190000e+04
   2.6000000e+06   1.1080000e+04
   2.7000000e+06   1.0970000e+04
   2.8000000e+06   1.0850000e+04
   2.9000000e+06   1.0730000e+04
   3.0000000e+06   1.0600000e+04
   3.1000000e+06   1.0470000e+04
   3.2000000e+06   1.0330000e+04
   3.3000000e+06   1.0180000e+04
   3.4000000e+06   1.0030000e+04
   3.4800000e+06   5.5700000e+03
   3.5000000e+06   5.5600000e+03
   3.6000000e+06   5.5100000e+03
   3.6300000e+06   5.4900000e+03
   3.7000000e+06   5.4600000e+03
   3.8000000e+06   5.4100000e+03
   3.9000000e+06   5.3600000e+03
   4.0000000e+06   5.3100000e+03
   4.1000000e+06   5.2600000e+03
   4.2000000e+06   5.2100000e+03
   4.3000000e+06   5.1600000e+03
   4.4000000e+06   5.1100000e+03
   4.5000000e+06   5.0500000e+03
   4.6000000e+06   5.0000000e+03
   4.7000000e+06   4.9500000e+03
   4.8000000e+06   4.9000000e+03
   4.9000000e+06   4.8400000e+03
   5.0000000e+06   4.7900000e+03
   5.1000000e+06   4.7300000e+03
   5.2000000e+06   4.6800000e+03
   5.3000000e+06   4.6200000e+03
   5.4000000e+06   4.5600000e+03
   5.5000000e+06   4.5000000e+03
   5.6000000e+06   4.4400000e+03
   5.7010000e+06   3.9900000e+03
   5.7710000e+06   3.9800000e+03
   5.8000000e+06   3.9400000e+03
   5.9000000e+06   3.8100000e+03
   5.9710000e+06   3.5400000e+03
   6.0000000e+06   3.5300000e+03
   6.1000000e+06   3.4700000e+03
   6.1510000e+06   3.3600000e+03
   6.2000000e+06   3.3600000e+03
   6.2910000e+06   3.3700000e+03
   6.2919000e+06   3.3700000e+03
   6.3000000e+06   3.3800000e+03
   6.3466000e+06   2.9000000e+03
   6.3560000e+06   2.6000000e+03
   6.3680000e+06   1.0200000e+03
