-4.05e0 -4.05e0 -3.7939e-1 -3.7939e-1
-3.842308e0 -4.05e0 -4.0778e-1 -4.0778e-1
-3.6346161e0 -4.05e0 -4.3773999e-1 -4.3773999e-1
-3.4269241e0 -4.05e0 -4.6912e-1 -4.6912e-1
-3.2192322e0 -4.05e0 -5.0176999e-1 -5.0176999e-1
-3.0115402e0 -4.05e0 -5.3545e-1 -5.3545e-1
-2.8038483e0 -4.05e0 -5.6985599e-1 -5.6985599e-1
-2.5961563e0 -4.05e0 -6.0464e-1 -6.0464e-1
-2.3884644e0 -4.05e0 -6.3940102e-1 -6.3940102e-1
-2.1807724e0 -4.05e0 -6.7366e-1 -6.7366e-1
-1.9730804e0 -4.05e0 -7.069467e-1 -7.069467e-1
-1.7653885e0 -4.05e0 -7.38741e-1 -7.38741e-1
-1.5576965e0 -4.05e0 -7.68535e-1 -7.68535e-1
-1.3500046e0 -4.05e0 -7.95834e-1 -7.95834e-1
-1.1423126e0 -4.05e0 -8.2018e-1 -8.2018e-1
-9.346207e-1 -4.05e0 -8.4115e-1 -8.4115e-1
-7.269287e-1 -4.05e0 -8.5839e-1 -8.5839e-1
-5.192367e-1 -4.05e0 -8.7156e-1 -8.7156e-1
-3.115447e-1 -4.05e0 -8.805e-1 -8.805e-1
-1.0385269e-1 -4.05e0 -8.8498999e-1 -8.8498999e-1
1.0383931e-1 -4.05e0 -8.8498999e-1 -8.8498999e-1
3.1153131e-1 -4.05e0 -8.805e-1 -8.805e-1
5.1922331e-1 -4.05e0 -8.7157999e-1 -8.7157999e-1
7.2691531e-1 -4.05e0 -8.5840001e-1 -8.5840001e-1
9.3460732e-1 -4.05e0 -8.4116e-1 -8.4116e-1
1.14229932e0 -4.05e0 -8.20182e-1 -8.20182e-1
1.3499913e0 -4.05e0 -7.9583699e-1 -7.9583699e-1
1.5576833e0 -4.05e0 -7.68538e-1 -7.68538e-1
1.7653752e0 -4.05e0 -7.38744e-1 -7.38744e-1
1.9730672e0 -4.05e0 -7.0693999e-1 -7.0693999e-1
2.1807591e0 -4.05e0 -6.73662e-1 -6.73662e-1
2.3884511e0 -4.05e0 -6.39404e-1 -6.39404e-1
2.596143e0 -4.05e0 -6.04643e-1 -6.04643e-1
2.803835e0 -4.05e0 -5.69859e-1 -5.69859e-1
3.011527e0 -4.05e0 -5.3546e-1 -5.3546e-1
3.2192189e0 -4.05e0 -5.0179e-1 -5.0179e-1
3.4269109e0 -4.05e0 -4.6912e-1 -4.6912e-1
3.6346028e0 -4.05e0 -4.3773999e-1 -4.3773999e-1
3.8422948e0 -4.05e0 -4.0778e-1 -4.0778e-1
4.0499867e0 -4.05e0 -3.7939e-1 -3.7939e-1

-4.05e0 -3.842308e0 -3.7343e-1 -3.7343e-1
-3.842308e0 -3.842308e0 -4.0317e-1 -4.0317e-1
-3.6346161e0 -3.842308e0 -4.3473e-1 -4.3473e-1
-3.4269241e0 -3.842308e0 -4.6801e-1 -4.6801e-1
-3.2192322e0 -3.842308e0 -5.0284999e-1 -5.0284999e-1
-3.0115402e0 -3.842308e0 -5.39e-1 -5.39e-1
-2.8038483e0 -3.842308e0 -5.7615399e-1 -5.7615399e-1
-2.5961563e0 -3.842308e0 -6.1390799e-1 -6.1390799e-1
-2.3884644e0 -3.842308e0 -6.5178099e-1 -6.5178099e-1
-2.1807724e0 -3.842308e0 -6.89283e-1 -6.89283e-1
-1.9730804e0 -3.842308e0 -7.2584589e-1 -7.2584589e-1
-1.7653885e0 -3.842308e0 -7.6086699e-1 -7.6086699e-1
-1.5576965e0 -3.842308e0 -7.93769e-1 -7.93769e-1
-1.3500046e0 -3.842308e0 -8.23978e-1 -8.23978e-1
-1.1423126e0 -3.842308e0 -8.5093001e-1 -8.5093001e-1
-9.346207e-1 -3.842308e0 -8.7418e-1 -8.7418e-1
-7.269287e-1 -3.842308e0 -8.9328e-1 -8.9328e-1
-5.192367e-1 -3.842308e0 -9.0791e-1 -9.0791e-1
-3.115447e-1 -3.842308e0 -9.1781e-1 -9.1781e-1
-1.0385269e-1 -3.842308e0 -9.2281e-1 -9.2281e-1
1.0383931e-1 -3.842308e0 -9.2279999e-1 -9.2279999e-1
3.1153131e-1 -3.842308e0 -9.1781e-1 -9.1781e-1
5.1922331e-1 -3.842308e0 -9.0791e-1 -9.0791e-1
7.2691531e-1 -3.842308e0 -8.9328e-1 -8.9328e-1
9.3460732e-1 -3.842308e0 -8.7418e-1 -8.7418e-1
1.14229932e0 -3.842308e0 -8.5093301e-1 -8.5093301e-1
1.3499913e0 -3.842308e0 -8.23971e-1 -8.23971e-1
1.5576833e0 -3.842308e0 -7.9377301e-1 -7.9377301e-1
1.7653752e0 -3.842308e0 -7.6087e-1 -7.6087e-1
1.9730672e0 -3.842308e0 -7.258494e-1 -7.258494e-1
2.1807591e0 -3.842308e0 -6.8928801e-1 -6.8928801e-1
2.3884511e0 -3.842308e0 -6.51784e-1 -6.51784e-1
2.596143e0 -3.842308e0 -6.13911e-1 -6.13911e-1
2.803835e0 -3.842308e0 -5.76157e-1 -5.76157e-1
3.011527e0 -3.842308e0 -5.3902e-1 -5.3902e-1
3.2192189e0 -3.842308e0 -5.0287e-1 -5.0287e-1
3.4269109e0 -3.842308e0 -4.6801999e-1 -4.6801999e-1
3.6346028e0 -3.842308e0 -4.3473e-1 -4.3473e-1
3.8422948e0 -3.842308e0 -4.0316e-1 -4.0316e-1
4.0499867e0 -3.842308e0 -3.7343e-1 -3.7343e-1

-4.05e0 -3.6346161e0 -3.6594e-1 -3.6594e-1
-3.842308e0 -3.6346161e0 -3.9697e-1 -3.9697e-1
-3.6346161e0 -3.6346161e0 -4.3019e-1 -4.3019e-1
-3.4269241e0 -3.6346161e0 -4.6544e-1 -4.6544e-1
-3.2192322e0 -3.6346161e0 -5.0258e-1 -5.0258e-1
-3.0115402e0 -3.6346161e0 -5.4137999e-1 -5.4137999e-1
-2.8038483e0 -3.6346161e0 -5.81523e-1 -5.81523e-1
-2.5961563e0 -3.6346161e0 -6.2252101e-1 -6.2252101e-1
-2.3884644e0 -3.6346161e0 -6.6388701e-1 -6.6388701e-1
-2.1807724e0 -3.6346161e0 -7.05005e-1 -7.05005e-1
-1.9730804e0 -3.6346161e0 -7.4524629e-1 -7.4524629e-1
-1.7653885e0 -3.6346161e0 -7.8389499e-1 -7.8389499e-1
-1.5576965e0 -3.6346161e0 -8.2031099e-1 -8.2031099e-1
-1.3500046e0 -3.6346161e0 -8.53772e-1 -8.53772e-1
-1.1423126e0 -3.6346161e0 -8.8368901e-1 -8.8368901e-1
-9.346207e-1 -3.6346161e0 -9.0948e-1 -9.0948e-1
-7.269287e-1 -3.6346161e0 -9.3070001e-1 -9.3070001e-1
-5.192367e-1 -3.6346161e0 -9.4695e-1 -9.4695e-1
-3.115447e-1 -3.6346161e0 -9.5795999e-1 -9.5795999e-1
-1.0385269e-1 -3.6346161e0 -9.6348001e-1 -9.6348001e-1
1.0383931e-1 -3.6346161e0 -9.635e-1 -9.635e-1
3.1153131e-1 -3.6346161e0 -9.5795e-1 -9.5795e-1
5.1922331e-1 -3.6346161e0 -9.4695e-1 -9.4695e-1
7.2691531e-1 -3.6346161e0 -9.3071e-1 -9.3071e-1
9.3460732e-1 -3.6346161e0 -9.0951e-1 -9.0951e-1
1.14229932e0 -3.6346161e0 -8.83674e-1 -8.83674e-1
1.3499913e0 -3.6346161e0 -8.53775e-1 -8.53775e-1
1.5576833e0 -3.6346161e0 -8.2031499e-1 -8.2031499e-1
1.7653752e0 -3.6346161e0 -7.8392e-1 -7.8392e-1
1.9730672e0 -3.6346161e0 -7.4524979e-1 -7.4524979e-1
2.1807591e0 -3.6346161e0 -7.05008e-1 -7.05008e-1
2.3884511e0 -3.6346161e0 -6.63889e-1 -6.63889e-1
2.596143e0 -3.6346161e0 -6.22524e-1 -6.22524e-1
2.803835e0 -3.6346161e0 -5.81506e-1 -5.81506e-1
3.011527e0 -3.6346161e0 -5.414e-1 -5.414e-1
3.2192189e0 -3.6346161e0 -5.0258e-1 -5.0258e-1
3.4269109e0 -3.6346161e0 -4.6544e-1 -4.6544e-1
3.6346028e0 -3.6346161e0 -4.3019e-1 -4.3019e-1
3.8422948e0 -3.6346161e0 -3.9697e-1 -3.9697e-1
4.0499867e0 -3.6346161e0 -3.6594e-1 -3.6594e-1

-4.05e0 -3.4269241e0 -3.5673001e-1 -3.5673001e-1
-3.842308e0 -3.4269241e0 -3.8905e-1 -3.8905e-1
-3.6346161e0 -3.4269241e0 -4.2386e-1 -4.2386e-1
-3.4269241e0 -3.4269241e0 -4.6114e-1 -4.6114e-1
-3.2192322e0 -3.4269241e0 -5.0073e-1 -5.0073e-1
-3.0115402e0 -3.4269241e0 -5.4236e-1 -5.4236e-1
-2.8038483e0 -3.4269241e0 -5.8572e-1 -5.8572e-1
-2.5961563e0 -3.4269241e0 -6.3029199e-1 -6.3029199e-1
-2.3884644e0 -3.4269241e0 -6.75524e-1 -6.75524e-1
-2.1807724e0 -3.4269241e0 -7.20712e-1 -7.20712e-1
-1.9730804e0 -3.4269241e0 -7.6508499e-1 -7.6508499e-1
-1.7653885e0 -3.4269241e0 -8.07861e-1 -8.07861e-1
-1.5576965e0 -3.4269241e0 -8.48216e-1 -8.48216e-1
-1.3500046e0 -3.4269241e0 -8.8539099e-1 -8.8539099e-1
-1.1423126e0 -3.4269241e0 -9.1862999e-1 -9.1862999e-1
-9.346207e-1 -3.4269241e0 -9.4732e-1 -9.4732e-1
-7.269287e-1 -3.4269241e0 -9.7091e-1 -9.7091e-1
-5.192367e-1 -3.4269241e0 -9.8895e-1 -9.8895e-1
-3.115447e-1 -3.4269241e0 -1.00117e0 -1.00117e0
-1.0385269e-1 -3.4269241e0 -1.00734999e0 -1.00734999e0
1.0383931e-1 -3.4269241e0 -1.00734999e0 -1.00734999e0
3.1153131e-1 -3.4269241e0 -1.00117e0 -1.00117e0
5.1922331e-1 -3.4269241e0 -9.8895e-1 -9.8895e-1
7.2691531e-1 -3.4269241e0 -9.7089e-1 -9.7089e-1
9.3460732e-1 -3.4269241e0 -9.4732e-1 -9.4732e-1
1.14229932e0 -3.4269241e0 -9.18635e-1 -9.18635e-1
1.3499913e0 -3.4269241e0 -8.85394e-1 -8.85394e-1
1.5576833e0 -3.4269241e0 -8.4821901e-1 -8.4821901e-1
1.7653752e0 -3.4269241e0 -8.07866e-1 -8.07866e-1
1.9730672e0 -3.4269241e0 -7.6508888e-1 -7.6508888e-1
2.1807591e0 -3.4269241e0 -7.2071701e-1 -7.2071701e-1
2.3884511e0 -3.4269241e0 -6.75529e-1 -6.75529e-1
2.596143e0 -3.4269241e0 -6.30295e-1 -6.30295e-1
2.803835e0 -3.4269241e0 -5.85724e-1 -5.85724e-1
3.011527e0 -3.4269241e0 -5.4234999e-1 -5.4234999e-1
3.2192189e0 -3.4269241e0 -5.0073e-1 -5.0073e-1
3.4269109e0 -3.4269241e0 -4.6114e-1 -4.6114e-1
3.6346028e0 -3.4269241e0 -4.2387e-1 -4.2387e-1
3.8422948e0 -3.4269241e0 -3.8905e-1 -3.8905e-1
4.0499867e0 -3.4269241e0 -3.5673001e-1 -3.5673001e-1

-4.05e0 -3.2192322e0 -3.4566e-1 -3.4566e-1
-3.842308e0 -3.2192322e0 -3.7914e-1 -3.7914e-1
-3.6346161e0 -3.2192322e0 -4.1554999e-1 -4.1554999e-1
-3.4269241e0 -3.2192322e0 -4.5483e-1 -4.5483e-1
-3.2192322e0 -3.2192322e0 -4.9693e-1 -4.9693e-1
-3.0115402e0 -3.2192322e0 -5.4161e-1 -5.4161e-1
-2.8038483e0 -3.2192322e0 -5.88456e-1 -5.88456e-1
-2.5961563e0 -3.2192322e0 -6.36991e-1 -6.36991e-1
-2.3884644e0 -3.2192322e0 -6.8651901e-1 -6.8651901e-1
-2.1807724e0 -3.2192322e0 -7.3626501e-1 -7.3626501e-1
-1.9730804e0 -3.2192322e0 -7.853218e-1 -7.853218e-1
-1.7653885e0 -3.2192322e0 -8.32755e-1 -8.32755e-1
-1.5576965e0 -3.2192322e0 -8.77616e-1 -8.77616e-1
-1.3500046e0 -3.2192322e0 -9.18957e-1 -9.18957e-1
-1.1423126e0 -3.2192322e0 -9.55946e-1 -9.55946e-1
-9.346207e-1 -3.2192322e0 -9.8785999e-1 -9.8785999e-1
-7.269287e-1 -3.2192322e0 -1.0141e0 -1.0141e0
-5.192367e-1 -3.2192322e0 -1.03418999e0 -1.03418999e0
-3.115447e-1 -3.2192322e0 -1.04773e0 -1.04773e0
-1.0385269e-1 -3.2192322e0 -1.05458e0 -1.05458e0
1.0383931e-1 -3.2192322e0 -1.05458e0 -1.05458e0
3.1153131e-1 -3.2192322e0 -1.04773e0 -1.04773e0
5.1922331e-1 -3.2192322e0 -1.03418999e0 -1.03418999e0
7.2691531e-1 -3.2192322e0 -1.0141e0 -1.0141e0
9.3460732e-1 -3.2192322e0 -9.8787999e-1 -9.8787999e-1
1.14229932e0 -3.2192322e0 -9.5595e-1 -9.5595e-1
1.3499913e0 -3.2192322e0 -9.1895999e-1 -9.1895999e-1
1.5576833e0 -3.2192322e0 -8.77619e-1 -8.77619e-1
1.7653752e0 -3.2192322e0 -8.3276e-1 -8.3276e-1
1.9730672e0 -3.2192322e0 -7.85326e-1 -7.85326e-1
2.1807591e0 -3.2192322e0 -7.3626901e-1 -7.3626901e-1
2.3884511e0 -3.2192322e0 -6.86522e-1 -6.86522e-1
2.596143e0 -3.2192322e0 -6.36994e-1 -6.36994e-1
2.803835e0 -3.2192322e0 -5.88461e-1 -5.88461e-1
3.011527e0 -3.2192322e0 -5.4159999e-1 -5.4159999e-1
3.2192189e0 -3.2192322e0 -4.9695e-1 -4.9695e-1
3.4269109e0 -3.2192322e0 -4.5483e-1 -4.5483e-1
3.6346028e0 -3.2192322e0 -4.1554999e-1 -4.1554999e-1
3.8422948e0 -3.2192322e0 -3.7914e-1 -3.7914e-1
4.0499867e0 -3.2192322e0 -3.4566e-1 -3.4566e-1

-4.05e0 -3.0115402e0 -3.3251e-1 -3.3251e-1
-3.842308e0 -3.0115402e0 -3.67e-1 -3.67e-1
-3.6346161e0 -3.0115402e0 -4.0489e-1 -4.0489e-1
-3.4269241e0 -3.0115402e0 -4.462e-1 -4.462e-1
-3.2192322e0 -3.0115402e0 -4.9089e-1 -4.9089e-1
-3.0115402e0 -3.0115402e0 -5.3875e-1 -5.3875e-1
-2.8038483e0 -3.0115402e0 -5.8937201e-1 -5.8937201e-1
-2.5961563e0 -3.0115402e0 -6.4224701e-1 -6.4224701e-1
-2.3884644e0 -3.0115402e0 -6.96586e-1 -6.96586e-1
-2.1807724e0 -3.0115402e0 -7.5148e-1 -7.5148e-1
-1.9730804e0 -3.0115402e0 -8.058786e-1 -8.058786e-1
-1.7653885e0 -3.0115402e0 -8.5861e-1 -8.5861e-1
-1.5576965e0 -3.0115402e0 -9.08573e-1 -9.08573e-1
-1.3500046e0 -3.0115402e0 -9.5465999e-1 -9.5465999e-1
-1.1423126e0 -3.0115402e0 -9.95882e-1 -9.95882e-1
-9.346207e-1 -3.0115402e0 -1.03140999e0 -1.03140999e0
-7.269287e-1 -3.0115402e0 -1.06056999e0 -1.06056999e0
-5.192367e-1 -3.0115402e0 -1.08287001e0 -1.08287001e0
-3.115447e-1 -3.0115402e0 -1.09793e0 -1.09793e0
-1.0385269e-1 -3.0115402e0 -1.1055e0 -1.1055e0
1.0383931e-1 -3.0115402e0 -1.1055e0 -1.1055e0
3.1153131e-1 -3.0115402e0 -1.09790999e0 -1.09790999e0
5.1922331e-1 -3.0115402e0 -1.08288e0 -1.08288e0
7.2691531e-1 -3.0115402e0 -1.06056999e0 -1.06056999e0
9.3460732e-1 -3.0115402e0 -1.0314e0 -1.0314e0
1.14229932e0 -3.0115402e0 -9.9588701e-1 -9.9588701e-1
1.3499913e0 -3.0115402e0 -9.54663e-1 -9.54663e-1
1.5576833e0 -3.0115402e0 -9.08577e-1 -9.08577e-1
1.7653752e0 -3.0115402e0 -8.5861499e-1 -8.5861499e-1
1.9730672e0 -3.0115402e0 -8.05883e-1 -8.05883e-1
2.1807591e0 -3.0115402e0 -7.51485e-1 -7.51485e-1
2.3884511e0 -3.0115402e0 -6.9659001e-1 -6.9659001e-1
2.596143e0 -3.0115402e0 -6.42252e-1 -6.42252e-1
2.803835e0 -3.0115402e0 -5.89377e-1 -5.89377e-1
3.011527e0 -3.0115402e0 -5.3875e-1 -5.3875e-1
3.2192189e0 -3.0115402e0 -4.9089e-1 -4.9089e-1
3.4269109e0 -3.0115402e0 -4.4621e-1 -4.4621e-1
3.6346028e0 -3.0115402e0 -4.0489e-1 -4.0489e-1
3.8422948e0 -3.0115402e0 -3.67e-1 -3.67e-1
4.0499867e0 -3.0115402e0 -3.3251e-1 -3.3251e-1

-4.05e0 -2.8038483e0 -3.1709e-1 -3.1709e-1
-3.842308e0 -2.8038483e0 -3.5242e-1 -3.5242e-1
-3.6346161e0 -2.8038483e0 -3.9163e-1 -3.9163e-1
-3.4269241e0 -2.8038483e0 -4.3485999e-1 -4.3485999e-1
-3.2192322e0 -2.8038483e0 -4.8217e-1 -4.8217e-1
-3.0115402e0 -2.8038483e0 -5.3333e-1 -5.3333e-1
-2.8038483e0 -2.8038483e0 -5.88053e-1 -5.88053e-1
-2.5961563e0 -2.8038483e0 -6.45726e-1 -6.45726e-1
-2.3884644e0 -2.8038483e0 -7.05441e-1 -7.05441e-1
-2.1807724e0 -2.8038483e0 -7.6618001e-1 -7.6618001e-1
-1.9730804e0 -2.8038483e0 -8.2663069e-1 -8.2663069e-1
-1.7653885e0 -2.8038483e0 -8.8544499e-1 -8.8544499e-1
-1.5576965e0 -2.8038483e0 -9.41224e-1 -9.41224e-1
-1.3500046e0 -2.8038483e0 -9.92688e-1 -9.92688e-1
-1.1423126e0 -2.8038483e0 -1.038662e0 -1.038662e0
-9.346207e-1 -2.8038483e0 -1.07823999e0 -1.07823999e0
-7.269287e-1 -2.8038483e0 -1.11064e0 -1.11064e0
-5.192367e-1 -2.8038483e0 -1.13535e0 -1.13535e0
-3.115447e-1 -2.8038483e0 -1.15199e0 -1.15199e0
-1.0385269e-1 -2.8038483e0 -1.16037e0 -1.16037e0
1.0383931e-1 -2.8038483e0 -1.16037e0 -1.16037e0
3.1153131e-1 -2.8038483e0 -1.15199e0 -1.15199e0
5.1922331e-1 -2.8038483e0 -1.13533e0 -1.13533e0
7.2691531e-1 -2.8038483e0 -1.11064e0 -1.11064e0
9.3460732e-1 -2.8038483e0 -1.07823999e0 -1.07823999e0
1.14229932e0 -2.8038483e0 -1.038665e0 -1.038665e0
1.3499913e0 -2.8038483e0 -9.9269e-1 -9.9269e-1
1.5576833e0 -2.8038483e0 -9.4122899e-1 -9.4122899e-1
1.7653752e0 -2.8038483e0 -8.8545099e-1 -8.8545099e-1
1.9730672e0 -2.8038483e0 -8.2663528e-1 -8.2663528e-1
2.1807591e0 -2.8038483e0 -7.66184e-1 -7.66184e-1
2.3884511e0 -2.8038483e0 -7.05446e-1 -7.05446e-1
2.596143e0 -2.8038483e0 -6.4570999e-1 -6.4570999e-1
2.803835e0 -2.8038483e0 -5.88058e-1 -5.88058e-1
3.011527e0 -2.8038483e0 -5.3334e-1 -5.3334e-1
3.2192189e0 -2.8038483e0 -4.8215e-1 -4.8215e-1
3.4269109e0 -2.8038483e0 -4.3485999e-1 -4.3485999e-1
3.6346028e0 -2.8038483e0 -3.9163e-1 -3.9163e-1
3.8422948e0 -2.8038483e0 -3.5242e-1 -3.5242e-1
4.0499867e0 -2.8038483e0 -3.1709e-1 -3.1709e-1

-4.05e0 -2.5961563e0 -2.9924e-1 -2.9924e-1
-3.842308e0 -2.5961563e0 -3.3511e-1 -3.3511e-1
-3.6346161e0 -2.5961563e0 -3.7540999e-1 -3.7540999e-1
-3.4269241e0 -2.5961563e0 -4.2041e-1 -4.2041e-1
-3.2192322e0 -2.5961563e0 -4.7026e-1 -4.7026e-1
-3.0115402e0 -2.5961563e0 -5.2487e-1 -5.2487e-1
-2.8038483e0 -2.5961563e0 -5.83969e-1 -5.83969e-1
-2.5961563e0 -2.5961563e0 -6.46892e-1 -6.46892e-1
-2.3884644e0 -2.5961563e0 -7.12684e-1 -7.12684e-1
-2.1807724e0 -2.5961563e0 -7.8006601e-1 -7.8006601e-1
-1.9730804e0 -2.5961563e0 -8.474987e-1 -8.474987e-1
-1.7653885e0 -2.5961563e0 -9.13274e-1 -9.13274e-1
-1.5576965e0 -2.5961563e0 -9.7573999e-1 -9.7573999e-1
-1.3500046e0 -2.5961563e0 -1.033296e0 -1.033296e0
-1.1423126e0 -2.5961563e0 -1.084618e0 -1.084618e0
-9.346207e-1 -2.5961563e0 -1.12862999e0 -1.12862999e0
-7.269287e-1 -2.5961563e0 -1.16454999e0 -1.16454999e0
-5.192367e-1 -2.5961563e0 -1.19184999e0 -1.19184999e0
-3.115447e-1 -2.5961563e0 -1.21019e0 -1.21019e0
-1.0385269e-1 -2.5961563e0 -1.21940001e0 -1.21940001e0
1.0383931e-1 -2.5961563e0 -1.21941e0 -1.21941e0
3.1153131e-1 -2.5961563e0 -1.21019e0 -1.21019e0
5.1922331e-1 -2.5961563e0 -1.19184999e0 -1.19184999e0
7.2691531e-1 -2.5961563e0 -1.16454999e0 -1.16454999e0
9.3460732e-1 -2.5961563e0 -1.12862999e0 -1.12862999e0
1.14229932e0 -2.5961563e0 -1.084621e0 -1.084621e0
1.3499913e0 -2.5961563e0 -1.0333e0 -1.0333e0
1.5576833e0 -2.5961563e0 -9.75747e-1 -9.75747e-1
1.7653752e0 -2.5961563e0 -9.1327899e-1 -9.1327899e-1
1.9730672e0 -2.5961563e0 -8.475037e-1 -8.475037e-1
2.1807591e0 -2.5961563e0 -7.80072e-1 -7.80072e-1
2.3884511e0 -2.5961563e0 -7.12689e-1 -7.12689e-1
2.596143e0 -2.5961563e0 -6.46896e-1 -6.46896e-1
2.803835e0 -2.5961563e0 -5.83974e-1 -5.83974e-1
3.011527e0 -2.5961563e0 -5.2487e-1 -5.2487e-1
3.2192189e0 -2.5961563e0 -4.7028e-1 -4.7028e-1
3.4269109e0 -2.5961563e0 -4.2041e-1 -4.2041e-1
3.6346028e0 -2.5961563e0 -3.7540999e-1 -3.7540999e-1
3.8422948e0 -2.5961563e0 -3.3511e-1 -3.3511e-1
4.0499867e0 -2.5961563e0 -2.9924e-1 -2.9924e-1

-4.05e0 -2.3884644e0 -2.7884999e-1 -2.7884999e-1
-3.842308e0 -2.3884644e0 -3.1487001e-1 -3.1487001e-1
-3.6346161e0 -2.3884644e0 -3.5591e-1 -3.5591e-1
-3.4269241e0 -2.3884644e0 -4.0239e-1 -4.0239e-1
-3.2192322e0 -2.3884644e0 -4.5463e-1 -4.5463e-1
-3.0115402e0 -2.3884644e0 -5.1275e-1 -5.1275e-1
-2.8038483e0 -2.3884644e0 -5.7645299e-1 -5.7645299e-1
-2.5961563e0 -2.3884644e0 -6.45168e-1 -6.45168e-1
-2.3884644e0 -2.3884644e0 -7.17805e-1 -7.17805e-1
-2.1807724e0 -2.3884644e0 -7.9283002e-1 -7.9283002e-1
-1.9730804e0 -2.3884644e0 -8.683301e-1 -8.683301e-1
-1.7653885e0 -2.3884644e0 -9.42198e-1 -9.42198e-1
-1.5576965e0 -2.3884644e0 -1.01234e0 -1.01234e0
-1.3500046e0 -2.3884644e0 -1.07683301e0 -1.07683301e0
-1.1423126e0 -2.3884644e0 -1.134101e0 -1.134101e0
-9.346207e-1 -2.3884644e0 -1.18295e0 -1.18295e0
-7.269287e-1 -2.3884644e0 -1.22262999e0 -1.22262999e0
-5.192367e-1 -2.3884644e0 -1.25262999e0 -1.25262999e0
-3.115447e-1 -2.3884644e0 -1.27268999e0 -1.27268999e0
-1.0385269e-1 -2.3884644e0 -1.28276e0 -1.28276e0
1.0383931e-1 -2.3884644e0 -1.28276e0 -1.28276e0
3.1153131e-1 -2.3884644e0 -1.27268999e0 -1.27268999e0
5.1922331e-1 -2.3884644e0 -1.25262999e0 -1.25262999e0
7.2691531e-1 -2.3884644e0 -1.22261e0 -1.22261e0
9.3460732e-1 -2.3884644e0 -1.18297e0 -1.18297e0
1.14229932e0 -2.3884644e0 -1.13410501e0 -1.13410501e0
1.3499913e0 -2.3884644e0 -1.076839e0 -1.076839e0
1.5576833e0 -2.3884644e0 -1.012345e0 -1.012345e0
1.7653752e0 -2.3884644e0 -9.42203e-1 -9.42203e-1
1.9730672e0 -2.3884644e0 -8.6833559e-1 -8.6833559e-1
2.1807591e0 -2.3884644e0 -7.92835e-1 -7.92835e-1
2.3884511e0 -2.3884644e0 -7.1781099e-1 -7.1781099e-1
2.596143e0 -2.3884644e0 -6.45162e-1 -6.45162e-1
2.803835e0 -2.3884644e0 -5.7645699e-1 -5.7645699e-1
3.011527e0 -2.3884644e0 -5.1276e-1 -5.1276e-1
3.2192189e0 -2.3884644e0 -4.5465001e-1 -4.5465001e-1
3.4269109e0 -2.3884644e0 -4.0239e-1 -4.0239e-1
3.6346028e0 -2.3884644e0 -3.5591e-1 -3.5591e-1
3.8422948e0 -2.3884644e0 -3.1487001e-1 -3.1487001e-1
4.0499867e0 -2.3884644e0 -2.7884999e-1 -2.7884999e-1

-4.05e0 -2.1807724e0 -2.5581e-1 -2.5581e-1
-3.842308e0 -2.1807724e0 -2.9152e-1 -2.9152e-1
-3.6346161e0 -2.1807724e0 -3.3281e-1 -3.3281e-1
-3.4269241e0 -2.1807724e0 -3.8036e-1 -3.8036e-1
-3.2192322e0 -2.1807724e0 -4.347e-1 -4.347e-1
-3.0115402e0 -2.1807724e0 -4.9616e-1 -4.9616e-1
-2.8038483e0 -2.1807724e0 -5.64705e-1 -5.64705e-1
-2.5961563e0 -2.1807724e0 -6.3976201e-1 -6.3976201e-1
-2.3884644e0 -2.1807724e0 -7.2014801e-1 -7.2014801e-1
-2.1807724e0 -2.1807724e0 -8.0401901e-1 -8.0401901e-1
-1.9730804e0 -2.1807724e0 -8.889733e-1 -8.889733e-1
-1.7653885e0 -2.1807724e0 -9.72306e-1 -9.72306e-1
-1.5576965e0 -2.1807724e0 -1.051345e0 -1.051345e0
-1.3500046e0 -2.1807724e0 -1.12371301e0 -1.12371301e0
-1.1423126e0 -2.1807724e0 -1.187561e0 -1.187561e0
-9.346207e-1 -2.1807724e0 -1.24159e0 -1.24159e0
-7.269287e-1 -2.1807724e0 -1.28512999e0 -1.28512999e0
-5.192367e-1 -2.1807724e0 -1.31782e0 -1.31782e0
-3.115447e-1 -2.1807724e0 -1.3396e0 -1.3396e0
-1.0385269e-1 -2.1807724e0 -1.35046e0 -1.35046e0
1.0383931e-1 -2.1807724e0 -1.35046e0 -1.35046e0
3.1153131e-1 -2.1807724e0 -1.33958e0 -1.33958e0
5.1922331e-1 -2.1807724e0 -1.31784001e0 -1.31784001e0
7.2691531e-1 -2.1807724e0 -1.28515e0 -1.28515e0
9.3460732e-1 -2.1807724e0 -1.2416e0 -1.2416e0
1.14229932e0 -2.1807724e0 -1.18756601e0 -1.18756601e0
1.3499913e0 -2.1807724e0 -1.12371901e0 -1.12371901e0
1.5576833e0 -2.1807724e0 -1.05135101e0 -1.05135101e0
1.7653752e0 -2.1807724e0 -9.72312e-1 -9.72312e-1
1.9730672e0 -2.1807724e0 -8.889792e-1 -8.889792e-1
2.1807591e0 -2.1807724e0 -8.0402501e-1 -8.0402501e-1
2.3884511e0 -2.1807724e0 -7.2015201e-1 -7.2015201e-1
2.596143e0 -2.1807724e0 -6.39768e-1 -6.39768e-1
2.803835e0 -2.1807724e0 -5.6471101e-1 -5.6471101e-1
3.011527e0 -2.1807724e0 -4.9617e-1 -4.9617e-1
3.2192189e0 -2.1807724e0 -4.3470999e-1 -4.3470999e-1
3.4269109e0 -2.1807724e0 -3.8036e-1 -3.8036e-1
3.6346028e0 -2.1807724e0 -3.3281e-1 -3.3281e-1
3.8422948e0 -2.1807724e0 -2.9152e-1 -2.9152e-1
4.0499867e0 -2.1807724e0 -2.5581e-1 -2.5581e-1

-4.05e0 -1.9730804e0 -2.3021e-1 -2.3021e-1
-3.842308e0 -1.9730804e0 -2.6495e-1 -2.6495e-1
-3.6346161e0 -1.9730804e0 -3.0583e-1 -3.0583e-1
-3.4269241e0 -1.9730804e0 -3.5381001e-1 -3.5381001e-1
-3.2192322e0 -1.9730804e0 -4.0972e-1 -4.0972e-1
-3.0115402e0 -1.9730804e0 -4.7426e-1 -4.7426e-1
-2.8038483e0 -1.9730804e0 -5.4771701e-1 -5.4771701e-1
-2.5961563e0 -1.9730804e0 -6.29665e-1 -6.29665e-1
-2.3884644e0 -1.9730804e0 -7.18884e-1 -7.18884e-1
-2.1807724e0 -1.9730804e0 -8.13102e-1 -8.13102e-1
-1.9730804e0 -1.9730804e0 -9.092723e-1 -9.092723e-1
-1.7653885e0 -1.9730804e0 -1.003836e0 -1.003836e0
-1.5576965e0 -1.9730804e0 -1.093252e0 -1.093252e0
-1.3500046e0 -1.9730804e0 -1.174545e0 -1.174545e0
-1.1423126e0 -1.9730804e0 -1.245573e0 -1.245573e0
-9.346207e-1 -1.9730804e0 -1.30499e0 -1.30499e0
-7.269287e-1 -1.9730804e0 -1.35234999e0 -1.35234999e0
-5.192367e-1 -1.9730804e0 -1.38753e0 -1.38753e0
-3.115447e-1 -1.9730804e0 -1.41079001e0 -1.41079001e0
-1.0385269e-1 -1.9730804e0 -1.42234999e0 -1.42234999e0
1.0383931e-1 -1.9730804e0 -1.42234e0 -1.42234e0
3.1153131e-1 -1.9730804e0 -1.41079001e0 -1.41079001e0
5.1922331e-1 -1.9730804e0 -1.38755e0 -1.38755e0
7.2691531e-1 -1.9730804e0 -1.35234999e0 -1.35234999e0
9.3460732e-1 -1.9730804e0 -1.30499e0 -1.30499e0
1.14229932e0 -1.9730804e0 -1.24556999e0 -1.24556999e0
1.3499913e0 -1.9730804e0 -1.174551e0 -1.174551e0
1.5576833e0 -1.9730804e0 -1.093258e0 -1.093258e0
1.7653752e0 -1.9730804e0 -1.003842e0 -1.003842e0
1.9730672e0 -1.9730804e0 -9.0927899e-1 -9.0927899e-1
2.1807591e0 -1.9730804e0 -8.13108e-1 -8.13108e-1
2.3884511e0 -1.9730804e0 -7.1889e-1 -7.1889e-1
2.596143e0 -1.9730804e0 -6.2967099e-1 -6.2967099e-1
2.803835e0 -1.9730804e0 -5.47724e-1 -5.47724e-1
3.011527e0 -1.9730804e0 -4.7428e-1 -4.7428e-1
3.2192189e0 -1.9730804e0 -4.0973e-1 -4.0973e-1
3.4269109e0 -1.9730804e0 -3.5381001e-1 -3.5381001e-1
3.6346028e0 -1.9730804e0 -3.0583e-1 -3.0583e-1
3.8422948e0 -1.9730804e0 -2.6495e-1 -2.6495e-1
4.0499867e0 -1.9730804e0 -2.3021e-1 -2.3021e-1

-4.05e0 -1.7653885e0 -2.0219e-1 -2.0219e-1
-3.842308e0 -1.7653885e0 -2.3521e-1 -2.3521e-1
-3.6346161e0 -1.7653885e0 -2.7484e-1 -2.7484e-1
-3.4269241e0 -1.7653885e0 -3.2232e-1 -3.2232e-1
-3.2192322e0 -1.7653885e0 -3.79e-1 -3.79e-1
-3.0115402e0 -1.7653885e0 -4.4603e-1 -4.4603e-1
-2.8038483e0 -1.7653885e0 -5.24224e-1 -5.24224e-1
-2.5961563e0 -1.7653885e0 -6.13554e-1 -6.13554e-1
-2.3884644e0 -1.7653885e0 -7.12844e-1 -7.12844e-1
-2.1807724e0 -1.7653885e0 -8.19364e-1 -8.19364e-1
-1.9730804e0 -1.7653885e0 -9.290969e-1 -9.290969e-1
-1.7653885e0 -1.7653885e0 -1.037168e0 -1.037168e0
-1.5576965e0 -1.7653885e0 -1.138813e0 -1.138813e0
-1.3500046e0 -1.7653885e0 -1.230188e0 -1.230188e0
-1.1423126e0 -1.7653885e0 -1.308828e0 -1.308828e0
-9.346207e-1 -1.7653885e0 -1.37359999e0 -1.37359999e0
-7.269287e-1 -1.7653885e0 -1.42437e0 -1.42437e0
-5.192367e-1 -1.7653885e0 -1.46159999e0 -1.46159999e0
-3.115447e-1 -1.7653885e0 -1.48594e0 -1.48594e0
-1.0385269e-1 -1.7653885e0 -1.49795e0 -1.49795e0
1.0383931e-1 -1.7653885e0 -1.49793999e0 -1.49793999e0
3.1153131e-1 -1.7653885e0 -1.48594e0 -1.48594e0
5.1922331e-1 -1.7653885e0 -1.46159e0 -1.46159e0
7.2691531e-1 -1.7653885e0 -1.42437e0 -1.42437e0
9.3460732e-1 -1.7653885e0 -1.37359999e0 -1.37359999e0
1.14229932e0 -1.7653885e0 -1.30883301e0 -1.30883301e0
1.3499913e0 -1.7653885e0 -1.23019499e0 -1.23019499e0
1.5576833e0 -1.7653885e0 -1.13881999e0 -1.13881999e0
1.7653752e0 -1.7653885e0 -1.037176e0 -1.037176e0
1.9730672e0 -1.7653885e0 -9.291044e-1 -9.291044e-1
2.1807591e0 -1.7653885e0 -8.19371e-1 -8.19371e-1
2.3884511e0 -1.7653885e0 -7.12851e-1 -7.12851e-1
2.596143e0 -1.7653885e0 -6.1356e-1 -6.1356e-1
2.803835e0 -1.7653885e0 -5.24229e-1 -5.24229e-1
3.011527e0 -1.7653885e0 -4.4603e-1 -4.4603e-1
3.2192189e0 -1.7653885e0 -3.79e-1 -3.79e-1
3.4269109e0 -1.7653885e0 -3.2232e-1 -3.2232e-1
3.6346028e0 -1.7653885e0 -2.7484e-1 -2.7484e-1
3.8422948e0 -1.7653885e0 -2.3521e-1 -2.3521e-1
4.0499867e0 -1.7653885e0 -2.0221e-1 -2.0221e-1

-4.05e0 -1.5576965e0 -1.7218001e-1 -1.7218001e-1
-3.842308e0 -1.5576965e0 -2.0261e-1 -2.0261e-1
-3.6346161e0 -1.5576965e0 -2.3991e-1 -2.3991e-1
-3.4269241e0 -1.5576965e0 -2.857e-1 -2.857e-1
-3.2192322e0 -1.5576965e0 -3.4188e-1 -3.4188e-1
-3.0115402e0 -1.5576965e0 -4.1031e-1 -4.1031e-1
-2.8038483e0 -1.5576965e0 -4.92656e-1 -4.92656e-1
-2.5961563e0 -1.5576965e0 -5.89641e-1 -5.89641e-1
-2.3884644e0 -1.5576965e0 -7.0042299e-1 -7.0042299e-1
-2.1807724e0 -1.5576965e0 -8.21791e-1 -8.21791e-1
-1.9730804e0 -1.5576965e0 -9.4827939e-1 -9.4827939e-1
-1.7653885e0 -1.5576965e0 -1.072976e0 -1.072976e0
-1.5576965e0 -1.5576965e0 -1.18920401e0 -1.18920401e0
-1.3500046e0 -1.5576965e0 -1.291873e0 -1.291873e0
-1.1423126e0 -1.5576965e0 -1.378288e0 -1.378288e0
-9.346207e-1 -1.5576965e0 -1.44782999e0 -1.44782999e0
-7.269287e-1 -1.5576965e0 -1.50114e0 -1.50114e0
-5.192367e-1 -1.5576965e0 -1.53956e0 -1.53956e0
-3.115447e-1 -1.5576965e0 -1.56428e0 -1.56428e0
-1.0385269e-1 -1.5576965e0 -1.5764e0 -1.5764e0
1.0383931e-1 -1.5576965e0 -1.5764e0 -1.5764e0
3.1153131e-1 -1.5576965e0 -1.5643e0 -1.5643e0
5.1922331e-1 -1.5576965e0 -1.53956e0 -1.53956e0
7.2691531e-1 -1.5576965e0 -1.50116e0 -1.50116e0
9.3460732e-1 -1.5576965e0 -1.44781e0 -1.44781e0
1.14229932e0 -1.5576965e0 -1.378293e0 -1.378293e0
1.3499913e0 -1.5576965e0 -1.29188e0 -1.29188e0
1.5576833e0 -1.5576965e0 -1.189211e0 -1.189211e0
1.7653752e0 -1.5576965e0 -1.072986e0 -1.072986e0
1.9730672e0 -1.5576965e0 -9.482878e-1 -9.482878e-1
2.1807591e0 -1.5576965e0 -8.218e-1 -8.218e-1
2.3884511e0 -1.5576965e0 -7.0043e-1 -7.0043e-1
2.596143e0 -1.5576965e0 -5.89647e-1 -5.89647e-1
2.803835e0 -1.5576965e0 -4.92662e-1 -4.92662e-1
3.011527e0 -1.5576965e0 -4.1032e-1 -4.1032e-1
3.2192189e0 -1.5576965e0 -3.4188e-1 -3.4188e-1
3.4269109e0 -1.5576965e0 -2.857e-1 -2.857e-1
3.6346028e0 -1.5576965e0 -2.3991e-1 -2.3991e-1
3.8422948e0 -1.5576965e0 -2.0261e-1 -2.0261e-1
4.0499867e0 -1.5576965e0 -1.7218001e-1 -1.7218001e-1

-4.05e0 -1.3500046e0 -1.4083e-1 -1.4083e-1
-3.842308e0 -1.3500046e0 -1.6769e-1 -1.6769e-1
-3.6346161e0 -1.3500046e0 -2.0141e-1 -2.0141e-1
-3.4269241e0 -1.3500046e0 -2.44e-1 -2.44e-1
-3.2192322e0 -1.3500046e0 -2.9788e-1 -2.9788e-1
-3.0115402e0 -1.3500046e0 -3.6596e-1 -3.6596e-1
-2.8038483e0 -1.3500046e0 -4.5108e-1 -4.5108e-1
-2.5961563e0 -1.3500046e0 -5.55503e-1 -5.55503e-1
-2.3884644e0 -1.3500046e0 -6.79266e-1 -6.79266e-1
-2.1807724e0 -1.3500046e0 -8.18888e-1 -8.18888e-1
-1.9730804e0 -1.3500046e0 -9.6677669e-1 -9.6677669e-1
-1.7653885e0 -1.3500046e0 -1.11255e0 -1.11255e0
-1.5576965e0 -1.3500046e0 -1.246301e0 -1.246301e0
-1.3500046e0 -1.3500046e0 -1.361338e0 -1.361338e0
-1.1423126e0 -1.3500046e0 -1.455066e0 -1.455066e0
-9.346207e-1 -1.3500046e0 -1.52798e0 -1.52798e0
-7.269287e-1 -1.3500046e0 -1.58229001e0 -1.58229001e0
-5.192367e-1 -1.3500046e0 -1.62042e0 -1.62042e0
-3.115447e-1 -1.3500046e0 -1.64459e0 -1.64459e0
-1.0385269e-1 -1.3500046e0 -1.65628e0 -1.65628e0
1.0383931e-1 -1.3500046e0 -1.65628e0 -1.65628e0
3.1153131e-1 -1.3500046e0 -1.6446e0 -1.6446e0
5.1922331e-1 -1.3500046e0 -1.62043e0 -1.62043e0
7.2691531e-1 -1.3500046e0 -1.58229001e0 -1.58229001e0
9.3460732e-1 -1.3500046e0 -1.52798e0 -1.52798e0
1.14229932e0 -1.3500046e0 -1.455063e0 -1.455063e0
1.3499913e0 -1.3500046e0 -1.36134601e0 -1.36134601e0
1.5576833e0 -1.3500046e0 -1.24631e0 -1.24631e0
1.7653752e0 -1.3500046e0 -1.112561e0 -1.112561e0
1.9730672e0 -1.3500046e0 -9.6678639e-1 -9.6678639e-1
2.1807591e0 -1.3500046e0 -8.18898e-1 -8.18898e-1
2.3884511e0 -1.3500046e0 -6.79276e-1 -6.79276e-1
2.596143e0 -1.3500046e0 -5.5551e-1 -5.5551e-1
2.803835e0 -1.3500046e0 -4.5108699e-1 -4.5108699e-1
3.011527e0 -1.3500046e0 -3.6596e-1 -3.6596e-1
3.2192189e0 -1.3500046e0 -2.9788e-1 -2.9788e-1
3.4269109e0 -1.3500046e0 -2.44e-1 -2.44e-1
3.6346028e0 -1.3500046e0 -2.0143001e-1 -2.0143001e-1
3.8422948e0 -1.3500046e0 -1.6769e-1 -1.6769e-1
4.0499867e0 -1.3500046e0 -1.4083e-1 -1.4083e-1

-4.05e0 -1.1423126e0 -1.0909e-1 -1.0909e-1
-3.842308e0 -1.1423126e0 -1.3153e-1 -1.3153e-1
-3.6346161e0 -1.1423126e0 -1.6037e-1 -1.6037e-1
-3.4269241e0 -1.1423126e0 -1.9789e-1 -1.9789e-1
-3.2192322e0 -1.1423126e0 -2.4713e-1 -2.4713e-1
-3.0115402e0 -1.1423126e0 -3.1203e-1 -3.1203e-1
-2.8038483e0 -1.1423126e0 -3.9737e-1 -3.9737e-1
-2.5961563e0 -1.1423126e0 -5.07795e-1 -5.07795e-1
-2.3884644e0 -1.1423126e0 -6.45795e-1 -6.45795e-1
-2.1807724e0 -1.1423126e0 -8.08342e-1 -8.08342e-1
-1.9730804e0 -1.1423126e0 -9.8461969e-1 -9.8461969e-1
-1.7653885e0 -1.1423126e0 -1.158126e0 -1.158126e0
-1.5576965e0 -1.1423126e0 -1.313202e0 -1.313202e0
-1.3500046e0 -1.1423126e0 -1.441056e0 -1.441056e0
-1.1423126e0 -1.1423126e0 -1.540266e0 -1.540266e0
-9.346207e-1 -1.1423126e0 -1.61395e0 -1.61395e0
-7.269287e-1 -1.1423126e0 -1.66666e0 -1.66666e0
-5.192367e-1 -1.1423126e0 -1.70257e0 -1.70257e0
-3.115447e-1 -1.1423126e0 -1.72476999e0 -1.72476999e0
-1.0385269e-1 -1.1423126e0 -1.73541e0 -1.73541e0
1.0383931e-1 -1.1423126e0 -1.73539e0 -1.73539e0
3.1153131e-1 -1.1423126e0 -1.72479e0 -1.72479e0
5.1922331e-1 -1.1423126e0 -1.70257e0 -1.70257e0
7.2691531e-1 -1.1423126e0 -1.66666e0 -1.66666e0
9.3460732e-1 -1.1423126e0 -1.61395e0 -1.61395e0
1.14229932e0 -1.1423126e0 -1.540273e0 -1.540273e0
1.3499913e0 -1.1423126e0 -1.44106201e0 -1.44106201e0
1.5576833e0 -1.1423126e0 -1.31321199e0 -1.31321199e0
1.7653752e0 -1.1423126e0 -1.158136e0 -1.158136e0
1.9730672e0 -1.1423126e0 -9.846312e-1 -9.846312e-1
2.1807591e0 -1.1423126e0 -8.0835399e-1 -8.0835399e-1
2.3884511e0 -1.1423126e0 -6.45806e-1 -6.45806e-1
2.596143e0 -1.1423126e0 -5.07804e-1 -5.07804e-1
2.803835e0 -1.1423126e0 -3.9737599e-1 -3.9737599e-1
3.011527e0 -1.1423126e0 -3.1203e-1 -3.1203e-1
3.2192189e0 -1.1423126e0 -2.4713e-1 -2.4713e-1
3.4269109e0 -1.1423126e0 -1.9791e-1 -1.9791e-1
3.6346028e0 -1.1423126e0 -1.6037e-1 -1.6037e-1
3.8422948e0 -1.1423126e0 -1.3153e-1 -1.3153e-1
4.0499867e0 -1.1423126e0 -1.0909e-1 -1.0909e-1

-4.05e0 -9.346207e-1 -7.838e-2 -7.838e-2
-3.842308e0 -9.346207e-1 -9.562e-2 -9.562e-2
-3.6346161e0 -9.346207e-1 -1.1841e-1 -1.1841e-1
-3.4269241e0 -9.346207e-1 -1.4896e-1 -1.4896e-1
-3.2192322e0 -9.346207e-1 -1.9068e-1 -1.9068e-1
-3.0115402e0 -9.346207e-1 -2.4855e-1 -2.4855e-1
-2.8038483e0 -9.346207e-1 -3.2951701e-1 -3.2951701e-1
-2.5961563e0 -9.346207e-1 -4.4217e-1 -4.4217e-1
-2.3884644e0 -9.346207e-1 -5.94257e-1 -5.94257e-1
-2.1807724e0 -9.346207e-1 -7.86e-1 -7.86e-1
-1.9730804e0 -9.346207e-1 -1.00221999e0 -1.00221999e0
-1.7653885e0 -9.346207e-1 -1.21402e0 -1.21402e0
-1.5576965e0 -9.346207e-1 -1.394946e0 -1.394946e0
-1.3500046e0 -9.346207e-1 -1.534179e0 -1.534179e0
-1.1423126e0 -9.346207e-1 -1.634653e0 -1.634653e0
-9.346207e-1 -9.346207e-1 -1.70461e0 -1.70461e0
-7.269287e-1 -9.346207e-1 -1.7521e0 -1.7521e0
-5.192367e-1 -9.346207e-1 -1.78324e0 -1.78324e0
-3.115447e-1 -9.346207e-1 -1.80203e0 -1.80203e0
-1.0385269e-1 -9.346207e-1 -1.81087e0 -1.81087e0
1.0383931e-1 -9.346207e-1 -1.81087e0 -1.81087e0
3.1153131e-1 -9.346207e-1 -1.80202e0 -1.80202e0
5.1922331e-1 -9.346207e-1 -1.78324e0 -1.78324e0
7.2691531e-1 -9.346207e-1 -1.7521e0 -1.7521e0
9.3460732e-1 -9.346207e-1 -1.70459001e0 -1.70459001e0
1.14229932e0 -9.346207e-1 -1.634657e0 -1.634657e0
1.3499913e0 -9.346207e-1 -1.534186e0 -1.534186e0
1.5576833e0 -9.346207e-1 -1.39495699e0 -1.39495699e0
1.7653752e0 -9.346207e-1 -1.21403e0 -1.21403e0
1.9730672e0 -9.346207e-1 -1.002236e0 -1.002236e0
2.1807591e0 -9.346207e-1 -7.8601999e-1 -7.8601999e-1
2.3884511e0 -9.346207e-1 -5.9426901e-1 -5.9426901e-1
2.596143e0 -9.346207e-1 -4.42178e-1 -4.42178e-1
2.803835e0 -9.346207e-1 -3.2952301e-1 -3.2952301e-1
3.011527e0 -9.346207e-1 -2.4855e-1 -2.4855e-1
3.2192189e0 -9.346207e-1 -1.907e-1 -1.907e-1
3.4269109e0 -9.346207e-1 -1.4896e-1 -1.4896e-1
3.6346028e0 -9.346207e-1 -1.1841e-1 -1.1841e-1
3.8422948e0 -9.346207e-1 -9.562e-2 -9.562e-2
4.0499867e0 -9.346207e-1 -7.838e-2 -7.838e-2

-4.05e0 -7.269287e-1 -5.036e-2 -5.036e-2
-3.842308e0 -7.269287e-1 -6.216e-2 -6.216e-2
-3.6346161e0 -7.269287e-1 -7.805e-2 -7.805e-2
-3.4269241e0 -7.269287e-1 -1.0009999e-1 -1.0009999e-1
-3.2192322e0 -7.269287e-1 -1.3152e-1 -1.3152e-1
-3.0115402e0 -7.269287e-1 -1.7756999e-1 -1.7756999e-1
-2.8038483e0 -7.269287e-1 -2.47026e-1 -2.47026e-1
-2.5961563e0 -7.269287e-1 -3.536e-1 -3.536e-1
-2.3884644e0 -7.269287e-1 -5.1525e-1 -5.1525e-1
-2.1807724e0 -7.269287e-1 -7.4388e-1 -7.4388e-1
-1.9730804e0 -7.269287e-1 -1.02067699e0 -1.02067699e0
-1.7653885e0 -7.269287e-1 -1.28901e0 -1.28901e0
-1.5576965e0 -7.269287e-1 -1.49954e0 -1.49954e0
-1.3500046e0 -7.269287e-1 -1.64381999e0 -1.64381999e0
-1.1423126e0 -7.269287e-1 -1.737144e0 -1.737144e0
-9.346207e-1 -7.269287e-1 -1.7967e0 -1.7967e0
-7.269287e-1 -7.269287e-1 -1.83469e0 -1.83469e0
-5.192367e-1 -7.269287e-1 -1.85849e0 -1.85849e0
-3.115447e-1 -7.269287e-1 -1.87245e0 -1.87245e0
-1.0385269e-1 -7.269287e-1 -1.87894e0 -1.87894e0
1.0383931e-1 -7.269287e-1 -1.87894e0 -1.87894e0
3.1153131e-1 -7.269287e-1 -1.87245e0 -1.87245e0
5.1922331e-1 -7.269287e-1 -1.85849e0 -1.85849e0
7.2691531e-1 -7.269287e-1 -1.83468e0 -1.83468e0
9.3460732e-1 -7.269287e-1 -1.7967e0 -1.7967e0
1.14229932e0 -7.269287e-1 -1.73714801e0 -1.73714801e0
1.3499913e0 -7.269287e-1 -1.64381999e0 -1.64381999e0
1.5576833e0 -7.269287e-1 -1.49957e0 -1.49957e0
1.7653752e0 -7.269287e-1 -1.28903e0 -1.28903e0
1.9730672e0 -7.269287e-1 -1.02069398e0 -1.02069398e0
2.1807591e0 -7.269287e-1 -7.4389e-1 -7.4389e-1
2.3884511e0 -7.269287e-1 -5.1526e-1 -5.1526e-1
2.596143e0 -7.269287e-1 -3.536e-1 -3.536e-1
2.803835e0 -7.269287e-1 -2.4703201e-1 -2.4703201e-1
3.011527e0 -7.269287e-1 -1.7758e-1 -1.7758e-1
3.2192189e0 -7.269287e-1 -1.3152e-1 -1.3152e-1
3.4269109e0 -7.269287e-1 -1.0009999e-1 -1.0009999e-1
3.6346028e0 -7.269287e-1 -7.805e-2 -7.805e-2
3.8422948e0 -7.269287e-1 -6.216e-2 -6.216e-2
4.0499867e0 -7.269287e-1 -5.036e-2 -5.036e-2

-4.05e0 -5.192367e-1 -2.694e-2 -2.694e-2
-3.842308e0 -5.192367e-1 -3.356e-2 -3.356e-2
-3.6346161e0 -5.192367e-1 -4.267e-2 -4.267e-2
-3.4269241e0 -5.192367e-1 -5.570999e-2 -5.570999e-2
-3.2192322e0 -5.192367e-1 -7.505e-2 -7.505e-2
-3.0115402e0 -5.192367e-1 -1.0504e-1 -1.0504e-1
-2.8038483e0 -5.192367e-1 -1.542e-1 -1.542e-1
-2.5961563e0 -5.192367e-1 -2.3959e-1 -2.3959e-1
-2.3884644e0 -5.192367e-1 -3.9401001e-1 -3.9401001e-1
-2.1807724e0 -5.192367e-1 -6.6356999e-1 -6.6356999e-1
-1.9730804e0 -5.192367e-1 -1.04333499e0 -1.04333499e0
-1.7653885e0 -5.192367e-1 -1.40239e0 -1.40239e0
-1.5576965e0 -5.192367e-1 -1.63797e0 -1.63797e0
-1.3500046e0 -5.192367e-1 -1.76951e0 -1.76951e0
-1.1423126e0 -5.192367e-1 -1.842083e0 -1.842083e0
-9.346207e-1 -5.192367e-1 -1.88364e0 -1.88364e0
-7.269287e-1 -5.192367e-1 -1.90832e0 -1.90832e0
-5.192367e-1 -5.192367e-1 -1.92310999e0 -1.92310999e0
-3.115447e-1 -5.192367e-1 -1.93154001e0 -1.93154001e0
-1.0385269e-1 -5.192367e-1 -1.93539e0 -1.93539e0
1.0383931e-1 -5.192367e-1 -1.93539e0 -1.93539e0
3.1153131e-1 -5.192367e-1 -1.93154001e0 -1.93154001e0
5.1922331e-1 -5.192367e-1 -1.92309999e0 -1.92309999e0
7.2691531e-1 -5.192367e-1 -1.90832e0 -1.90832e0
9.3460732e-1 -5.192367e-1 -1.88364e0 -1.88364e0
1.14229932e0 -5.192367e-1 -1.84208699e0 -1.84208699e0
1.3499913e0 -5.192367e-1 -1.7695e0 -1.7695e0
1.5576833e0 -5.192367e-1 -1.63799e0 -1.63799e0
1.7653752e0 -5.192367e-1 -1.40240001e0 -1.40240001e0
1.9730672e0 -5.192367e-1 -1.04335999e0 -1.04335999e0
2.1807591e0 -5.192367e-1 -6.6359999e-1 -6.6359999e-1
2.3884511e0 -5.192367e-1 -3.9404001e-1 -3.9404001e-1
2.596143e0 -5.192367e-1 -2.3960999e-1 -2.3960999e-1
2.803835e0 -5.192367e-1 -1.542e-1 -1.542e-1
3.011527e0 -5.192367e-1 -1.0502e-1 -1.0502e-1
3.2192189e0 -5.192367e-1 -7.505e-2 -7.505e-2
3.4269109e0 -5.192367e-1 -5.570999e-2 -5.570999e-2
3.6346028e0 -5.192367e-1 -4.268999e-2 -4.268999e-2
3.8422948e0 -5.192367e-1 -3.356e-2 -3.356e-2
4.0499867e0 -5.192367e-1 -2.694e-2 -2.694e-2

-4.05e0 -3.115447e-1 -1.001e-2 -1.001e-2
-3.842308e0 -3.115447e-1 -1.257e-2 -1.257e-2
-3.6346161e0 -3.115447e-1 -1.614e-2 -1.614e-2
-3.4269241e0 -3.115447e-1 -2.135e-2 -2.135e-2
-3.2192322e0 -3.115447e-1 -2.934001e-2 -2.934001e-2
-3.0115402e0 -3.115447e-1 -4.236e-2 -4.236e-2
-2.8038483e0 -3.115447e-1 -6.549e-2 -6.549e-2
-2.5961563e0 -3.115447e-1 -1.1143001e-1 -1.1143001e-1
-2.3884644e0 -3.115447e-1 -2.1737999e-1 -2.1737999e-1
-2.1807724e0 -3.115447e-1 -4.9536e-1 -4.9536e-1
-1.9730804e0 -3.115447e-1 -1.08301698e0 -1.08301698e0
-1.7653885e0 -3.115447e-1 -1.59816e0 -1.59816e0
-1.5576965e0 -3.115447e-1 -1.81374e0 -1.81374e0
-1.3500046e0 -3.115447e-1 -1.89745999e0 -1.89745999e0
-1.1423126e0 -3.115447e-1 -1.93504001e0 -1.93504001e0
-9.346207e-1 -3.115447e-1 -1.95425e0 -1.95425e0
-7.269287e-1 -3.115447e-1 -1.96489e0 -1.96489e0
-5.192367e-1 -3.115447e-1 -1.97103e0 -1.97103e0
-3.115447e-1 -3.115447e-1 -1.97447e0 -1.97447e0
-1.0385269e-1 -3.115447e-1 -1.97601999e0 -1.97601999e0
1.0383931e-1 -3.115447e-1 -1.97601999e0 -1.97601999e0
3.1153131e-1 -3.115447e-1 -1.97447e0 -1.97447e0
5.1922331e-1 -3.115447e-1 -1.97103e0 -1.97103e0
7.2691531e-1 -3.115447e-1 -1.96489e0 -1.96489e0
9.3460732e-1 -3.115447e-1 -1.95425e0 -1.95425e0
1.14229932e0 -3.115447e-1 -1.93504001e0 -1.93504001e0
1.3499913e0 -3.115447e-1 -1.89748e0 -1.89748e0
1.5576833e0 -3.115447e-1 -1.81374e0 -1.81374e0
1.7653752e0 -3.115447e-1 -1.59818001e0 -1.59818001e0
1.9730672e0 -3.115447e-1 -1.08305998e0 -1.08305998e0
2.1807591e0 -3.115447e-1 -4.9539e-1 -4.9539e-1
2.3884511e0 -3.115447e-1 -2.174e-1 -2.174e-1
2.596143e0 -3.115447e-1 -1.1143001e-1 -1.1143001e-1
2.803835e0 -3.115447e-1 -6.549e-2 -6.549e-2
3.011527e0 -3.115447e-1 -4.236e-2 -4.236e-2
3.2192189e0 -3.115447e-1 -2.936e-2 -2.936e-2
3.4269109e0 -3.115447e-1 -2.138e-2 -2.138e-2
3.6346028e0 -3.115447e-1 -1.614e-2 -1.614e-2
3.8422948e0 -3.115447e-1 -1.257e-2 -1.257e-2
4.0499867e0 -3.115447e-1 -1.002e-2 -1.002e-2

-4.05e0 -1.0385269e-1 -1.12001e-3 -1.12001e-3
-3.842308e0 -1.0385269e-1 -1.42001e-3 -1.42001e-3
-3.6346161e0 -1.0385269e-1 -1.81e-3 -1.81e-3
-3.4269241e0 -1.0385269e-1 -2.44e-3 -2.44e-3
-3.2192322e0 -1.0385269e-1 -3.40001e-3 -3.40001e-3
-3.0115402e0 -1.0385269e-1 -5.01999e-3 -5.01999e-3
-2.8038483e0 -1.0385269e-1 -8.01001e-3 -8.01001e-3
-2.5961563e0 -1.0385269e-1 -1.457e-2 -1.457e-2
-2.3884644e0 -1.0385269e-1 -3.365e-2 -3.365e-2
-2.1807724e0 -1.0385269e-1 -1.3259999e-1 -1.3259999e-1
-1.9730804e0 -1.0385269e-1 -1.25057199e0 -1.25057199e0
-1.7653885e0 -1.0385269e-1 -1.91404999e0 -1.91404999e0
-1.5576965e0 -1.0385269e-1 -1.9731e0 -1.9731e0
-1.3500046e0 -1.0385269e-1 -1.987e0 -1.987e0
-1.1423126e0 -1.0385269e-1 -1.99222e0 -1.99222e0
-9.346207e-1 -1.0385269e-1 -1.99468e0 -1.99468e0
-7.269287e-1 -1.0385269e-1 -1.99598e0 -1.99598e0
-5.192367e-1 -1.0385269e-1 -1.99672e0 -1.99672e0
-3.115447e-1 -1.0385269e-1 -1.99712999e0 -1.99712999e0
-1.0385269e-1 -1.0385269e-1 -1.9973e0 -1.9973e0
1.0383931e-1 -1.0385269e-1 -1.9973e0 -1.9973e0
3.1153131e-1 -1.0385269e-1 -1.99712999e0 -1.99712999e0
5.1922331e-1 -1.0385269e-1 -1.99672e0 -1.99672e0
7.2691531e-1 -1.0385269e-1 -1.99598e0 -1.99598e0
9.3460732e-1 -1.0385269e-1 -1.99471e0 -1.99471e0
1.14229932e0 -1.0385269e-1 -1.99222e0 -1.99222e0
1.3499913e0 -1.0385269e-1 -1.987e0 -1.987e0
1.5576833e0 -1.0385269e-1 -1.9731e0 -1.9731e0
1.7653752e0 -1.0385269e-1 -1.91404999e0 -1.91404999e0
1.9730672e0 -1.0385269e-1 -1.25068599e0 -1.25068599e0
2.1807591e0 -1.0385269e-1 -1.3259999e-1 -1.3259999e-1
2.3884511e0 -1.0385269e-1 -3.367e-2 -3.367e-2
2.596143e0 -1.0385269e-1 -1.457e-2 -1.457e-2
2.803835e0 -1.0385269e-1 -8.01001e-3 -8.01001e-3
3.011527e0 -1.0385269e-1 -5.01999e-3 -5.01999e-3
3.2192189e0 -1.0385269e-1 -3.40001e-3 -3.40001e-3
3.4269109e0 -1.0385269e-1 -2.44e-3 -2.44e-3
3.6346028e0 -1.0385269e-1 -1.83e-3 -1.83e-3
3.8422948e0 -1.0385269e-1 -1.42001e-3 -1.42001e-3
4.0499867e0 -1.0385269e-1 -1.12001e-3 -1.12001e-3

-4.05e0 1.0383931e-1 -1.12001e-3 -1.12001e-3
-3.842308e0 1.0383931e-1 -1.42001e-3 -1.42001e-3
-3.6346161e0 1.0383931e-1 -1.81e-3 -1.81e-3
-3.4269241e0 1.0383931e-1 -2.44e-3 -2.44e-3
-3.2192322e0 1.0383931e-1 -3.40001e-3 -3.40001e-3
-3.0115402e0 1.0383931e-1 -5.01999e-3 -5.01999e-3
-2.8038483e0 1.0383931e-1 -8.01001e-3 -8.01001e-3
-2.5961563e0 1.0383931e-1 -1.457e-2 -1.457e-2
-2.3884644e0 1.0383931e-1 -3.365e-2 -3.365e-2
-2.1807724e0 1.0383931e-1 -1.3256999e-1 -1.3256999e-1
-1.9730804e0 1.0383931e-1 -1.25059999e0 -1.25059999e0
-1.7653885e0 1.0383931e-1 -1.91408e0 -1.91408e0
-1.5576965e0 1.0383931e-1 -1.9731e0 -1.9731e0
-1.3500046e0 1.0383931e-1 -1.987e0 -1.987e0
-1.1423126e0 1.0383931e-1 -1.99222e0 -1.99222e0
-9.346207e-1 1.0383931e-1 -1.99471e0 -1.99471e0
-7.269287e-1 1.0383931e-1 -1.99598e0 -1.99598e0
-5.192367e-1 1.0383931e-1 -1.99672e0 -1.99672e0
-3.115447e-1 1.0383931e-1 -1.99712999e0 -1.99712999e0
-1.0385269e-1 1.0383931e-1 -1.9973e0 -1.9973e0
1.0383931e-1 1.0383931e-1 -1.9973e0 -1.9973e0
3.1153131e-1 1.0383931e-1 -1.99712999e0 -1.99712999e0
5.1922331e-1 1.0383931e-1 -1.99672e0 -1.99672e0
7.2691531e-1 1.0383931e-1 -1.99598e0 -1.99598e0
9.3460732e-1 1.0383931e-1 -1.99471e0 -1.99471e0
1.14229932e0 1.0383931e-1 -1.99222e0 -1.99222e0
1.3499913e0 1.0383931e-1 -1.987e0 -1.987e0
1.5576833e0 1.0383931e-1 -1.9731e0 -1.9731e0
1.7653752e0 1.0383931e-1 -1.91408e0 -1.91408e0
1.9730672e0 1.0383931e-1 -1.250717e0 -1.250717e0
2.1807591e0 1.0383931e-1 -1.3259e-1 -1.3259e-1
2.3884511e0 1.0383931e-1 -3.365e-2 -3.365e-2
2.596143e0 1.0383931e-1 -1.457e-2 -1.457e-2
2.803835e0 1.0383931e-1 -8.01001e-3 -8.01001e-3
3.011527e0 1.0383931e-1 -5.01999e-3 -5.01999e-3
3.2192189e0 1.0383931e-1 -3.40001e-3 -3.40001e-3
3.4269109e0 1.0383931e-1 -2.44e-3 -2.44e-3
3.6346028e0 1.0383931e-1 -1.83e-3 -1.83e-3
3.8422948e0 1.0383931e-1 -1.42001e-3 -1.42001e-3
4.0499867e0 1.0383931e-1 -1.12001e-3 -1.12001e-3

-4.05e0 3.1153131e-1 -1.001e-2 -1.001e-2
-3.842308e0 3.1153131e-1 -1.257e-2 -1.257e-2
-3.6346161e0 3.1153131e-1 -1.614e-2 -1.614e-2
-3.4269241e0 3.1153131e-1 -2.135e-2 -2.135e-2
-3.2192322e0 3.1153131e-1 -2.932e-2 -2.932e-2
-3.0115402e0 3.1153131e-1 -4.236e-2 -4.236e-2
-2.8038483e0 3.1153131e-1 -6.549e-2 -6.549e-2
-2.5961563e0 3.1153131e-1 -1.1142001e-1 -1.1142001e-1
-2.3884644e0 3.1153131e-1 -2.1736e-1 -2.1736e-1
-2.1807724e0 3.1153131e-1 -4.9535e-1 -4.9535e-1
-1.9730804e0 3.1153131e-1 -1.08302199e0 -1.08302199e0
-1.7653885e0 3.1153131e-1 -1.59818001e0 -1.59818001e0
-1.5576965e0 3.1153131e-1 -1.81376001e0 -1.81376001e0
-1.3500046e0 3.1153131e-1 -1.89748e0 -1.89748e0
-1.1423126e0 3.1153131e-1 -1.93506e0 -1.93506e0
-9.346207e-1 3.1153131e-1 -1.95425e0 -1.95425e0
-7.269287e-1 3.1153131e-1 -1.96489e0 -1.96489e0
-5.192367e-1 3.1153131e-1 -1.97103e0 -1.97103e0
-3.115447e-1 3.1153131e-1 -1.97447e0 -1.97447e0
-1.0385269e-1 3.1153131e-1 -1.97601999e0 -1.97601999e0
1.0383931e-1 3.1153131e-1 -1.97601999e0 -1.97601999e0
3.1153131e-1 3.1153131e-1 -1.97447e0 -1.97447e0
5.1922331e-1 3.1153131e-1 -1.97103e0 -1.97103e0
7.2691531e-1 3.1153131e-1 -1.96489e0 -1.96489e0
9.3460732e-1 3.1153131e-1 -1.95425e0 -1.95425e0
1.14229932e0 3.1153131e-1 -1.93506e0 -1.93506e0
1.3499913e0 3.1153131e-1 -1.89748e0 -1.89748e0
1.5576833e0 3.1153131e-1 -1.81376001e0 -1.81376001e0
1.7653752e0 3.1153131e-1 -1.59820001e0 -1.59820001e0
1.9730672e0 3.1153131e-1 -1.08306299e0 -1.08306299e0
2.1807591e0 3.1153131e-1 -4.9538e-1 -4.9538e-1
2.3884511e0 3.1153131e-1 -2.1738e-1 -2.1738e-1
2.596143e0 3.1153131e-1 -1.1143001e-1 -1.1143001e-1
2.803835e0 3.1153131e-1 -6.549e-2 -6.549e-2
3.011527e0 3.1153131e-1 -4.236e-2 -4.236e-2
3.2192189e0 3.1153131e-1 -2.936e-2 -2.936e-2
3.4269109e0 3.1153131e-1 -2.135e-2 -2.135e-2
3.6346028e0 3.1153131e-1 -1.614e-2 -1.614e-2
3.8422948e0 3.1153131e-1 -1.257e-2 -1.257e-2
4.0499867e0 3.1153131e-1 -1.001e-2 -1.001e-2

-4.05e0 5.1922331e-1 -2.694e-2 -2.694e-2
-3.842308e0 5.1922331e-1 -3.356e-2 -3.356e-2
-3.6346161e0 5.1922331e-1 -4.267e-2 -4.267e-2
-3.4269241e0 5.1922331e-1 -5.570999e-2 -5.570999e-2
-3.2192322e0 5.1922331e-1 -7.505e-2 -7.505e-2
-3.0115402e0 5.1922331e-1 -1.0501e-1 -1.0501e-1
-2.8038483e0 5.1922331e-1 -1.5419e-1 -1.5419e-1
-2.5961563e0 5.1922331e-1 -2.3959e-1 -2.3959e-1
-2.3884644e0 5.1922331e-1 -3.9401001e-1 -3.9401001e-1
-2.1807724e0 5.1922331e-1 -6.6356999e-1 -6.6356999e-1
-1.9730804e0 5.1922331e-1 -1.04333598e0 -1.04333598e0
-1.7653885e0 5.1922331e-1 -1.40240001e0 -1.40240001e0
-1.5576965e0 5.1922331e-1 -1.63799e0 -1.63799e0
-1.3500046e0 5.1922331e-1 -1.76953e0 -1.76953e0
-1.1423126e0 5.1922331e-1 -1.84209e0 -1.84209e0
-9.346207e-1 5.1922331e-1 -1.88364e0 -1.88364e0
-7.269287e-1 5.1922331e-1 -1.90832e0 -1.90832e0
-5.192367e-1 5.1922331e-1 -1.92310999e0 -1.92310999e0
-3.115447e-1 5.1922331e-1 -1.93154001e0 -1.93154001e0
-1.0385269e-1 5.1922331e-1 -1.93539e0 -1.93539e0
1.0383931e-1 5.1922331e-1 -1.93539e0 -1.93539e0
3.1153131e-1 5.1922331e-1 -1.93154001e0 -1.93154001e0
5.1922331e-1 5.1922331e-1 -1.92310999e0 -1.92310999e0
7.2691531e-1 5.1922331e-1 -1.90832e0 -1.90832e0
9.3460732e-1 5.1922331e-1 -1.88364e0 -1.88364e0
1.14229932e0 5.1922331e-1 -1.842092e0 -1.842092e0
1.3499913e0 5.1922331e-1 -1.76953e0 -1.76953e0
1.5576833e0 5.1922331e-1 -1.638e0 -1.638e0
1.7653752e0 5.1922331e-1 -1.40242e0 -1.40242e0
1.9730672e0 5.1922331e-1 -1.04336198e0 -1.04336198e0
2.1807591e0 5.1922331e-1 -6.6359e-1 -6.6359e-1
2.3884511e0 5.1922331e-1 -3.9403001e-1 -3.9403001e-1
2.596143e0 5.1922331e-1 -2.3960999e-1 -2.3960999e-1
2.803835e0 5.1922331e-1 -1.542e-1 -1.542e-1
3.011527e0 5.1922331e-1 -1.0502e-1 -1.0502e-1
3.2192189e0 5.1922331e-1 -7.505e-2 -7.505e-2
3.4269109e0 5.1922331e-1 -5.570999e-2 -5.570999e-2
3.6346028e0 5.1922331e-1 -4.268999e-2 -4.268999e-2
3.8422948e0 5.1922331e-1 -3.356e-2 -3.356e-2
4.0499867e0 5.1922331e-1 -2.694e-2 -2.694e-2

-4.05e0 7.2691531e-1 -5.036e-2 -5.036e-2
-3.842308e0 7.2691531e-1 -6.214e-2 -6.214e-2
-3.6346161e0 7.2691531e-1 -7.805e-2 -7.805e-2
-3.4269241e0 7.2691531e-1 -1.0007999e-1 -1.0007999e-1
-3.2192322e0 7.2691531e-1 -1.3152e-1 -1.3152e-1
-3.0115402e0 7.2691531e-1 -1.7756999e-1 -1.7756999e-1
-2.8038483e0 7.2691531e-1 -2.4702e-1 -2.4702e-1
-2.5961563e0 7.2691531e-1 -3.5358e-1 -3.5358e-1
-2.3884644e0 7.2691531e-1 -5.1523e-1 -5.1523e-1
-2.1807724e0 7.2691531e-1 -7.4388e-1 -7.4388e-1
-1.9730804e0 7.2691531e-1 -1.02067699e0 -1.02067699e0
-1.7653885e0 7.2691531e-1 -1.28901e0 -1.28901e0
-1.5576965e0 7.2691531e-1 -1.49957e0 -1.49957e0
-1.3500046e0 7.2691531e-1 -1.64381999e0 -1.64381999e0
-1.1423126e0 7.2691531e-1 -1.73715001e0 -1.73715001e0
-9.346207e-1 7.2691531e-1 -1.79672e0 -1.79672e0
-7.269287e-1 7.2691531e-1 -1.8347e0 -1.8347e0
-5.192367e-1 7.2691531e-1 -1.85849e0 -1.85849e0
-3.115447e-1 7.2691531e-1 -1.87245e0 -1.87245e0
-1.0385269e-1 7.2691531e-1 -1.87894e0 -1.87894e0
1.0383931e-1 7.2691531e-1 -1.87894e0 -1.87894e0
3.1153131e-1 7.2691531e-1 -1.87245e0 -1.87245e0
5.1922331e-1 7.2691531e-1 -1.85849e0 -1.85849e0
7.2691531e-1 7.2691531e-1 -1.8347e0 -1.8347e0
9.3460732e-1 7.2691531e-1 -1.79672e0 -1.79672e0
1.14229932e0 7.2691531e-1 -1.737155e0 -1.737155e0
1.3499913e0 7.2691531e-1 -1.64384e0 -1.64384e0
1.5576833e0 7.2691531e-1 -1.49959001e0 -1.49959001e0
1.7653752e0 7.2691531e-1 -1.28903e0 -1.28903e0
1.9730672e0 7.2691531e-1 -1.02069499e0 -1.02069499e0
2.1807591e0 7.2691531e-1 -7.4389e-1 -7.4389e-1
2.3884511e0 7.2691531e-1 -5.1525e-1 -5.1525e-1
2.596143e0 7.2691531e-1 -3.536e-1 -3.536e-1
2.803835e0 7.2691531e-1 -2.47026e-1 -2.47026e-1
3.011527e0 7.2691531e-1 -1.7756999e-1 -1.7756999e-1
3.2192189e0 7.2691531e-1 -1.3152e-1 -1.3152e-1
3.4269109e0 7.2691531e-1 -1.0009999e-1 -1.0009999e-1
3.6346028e0 7.2691531e-1 -7.805e-2 -7.805e-2
3.8422948e0 7.2691531e-1 -6.214e-2 -6.214e-2
4.0499867e0 7.2691531e-1 -5.036e-2 -5.036e-2

-4.05e0 9.3460732e-1 -7.837e-2 -7.837e-2
-3.842308e0 9.3460732e-1 -9.562e-2 -9.562e-2
-3.6346161e0 9.3460732e-1 -1.184e-1 -1.184e-1
-3.4269241e0 9.3460732e-1 -1.4896e-1 -1.4896e-1
-3.2192322e0 9.3460732e-1 -1.9068e-1 -1.9068e-1
-3.0115402e0 9.3460732e-1 -2.4855e-1 -2.4855e-1
-2.8038483e0 9.3460732e-1 -3.29511e-1 -3.29511e-1
-2.5961563e0 9.3460732e-1 -4.42165e-1 -4.42165e-1
-2.3884644e0 9.3460732e-1 -5.94253e-1 -5.94253e-1
-2.1807724e0 9.3460732e-1 -7.8598999e-1 -7.8598999e-1
-1.9730804e0 9.3460732e-1 -1.00221999e0 -1.00221999e0
-1.7653885e0 9.3460732e-1 -1.21402e0 -1.21402e0
-1.5576965e0 9.3460732e-1 -1.39495299e0 -1.39495299e0
-1.3500046e0 9.3460732e-1 -1.53418501e0 -1.53418501e0
-1.1423126e0 9.3460732e-1 -1.634647e0 -1.634647e0
-9.346207e-1 9.3460732e-1 -1.70461e0 -1.70461e0
-7.269287e-1 9.3460732e-1 -1.7521e0 -1.7521e0
-5.192367e-1 9.3460732e-1 -1.78324e0 -1.78324e0
-3.115447e-1 9.3460732e-1 -1.80203e0 -1.80203e0
-1.0385269e-1 9.3460732e-1 -1.81087e0 -1.81087e0
1.0383931e-1 9.3460732e-1 -1.81087e0 -1.81087e0
3.1153131e-1 9.3460732e-1 -1.80203e0 -1.80203e0
5.1922331e-1 9.3460732e-1 -1.78324e0 -1.78324e0
7.2691531e-1 9.3460732e-1 -1.7521e0 -1.7521e0
9.3460732e-1 9.3460732e-1 -1.70462e0 -1.70462e0
1.14229932e0 9.3460732e-1 -1.634654e0 -1.634654e0
1.3499913e0 9.3460732e-1 -1.534192e0 -1.534192e0
1.5576833e0 9.3460732e-1 -1.39496199e0 -1.39496199e0
1.7653752e0 9.3460732e-1 -1.21403e0 -1.21403e0
1.9730672e0 9.3460732e-1 -1.002236e0 -1.002236e0
2.1807591e0 9.3460732e-1 -7.8601999e-1 -7.8601999e-1
2.3884511e0 9.3460732e-1 -5.94264e-1 -5.94264e-1
2.596143e0 9.3460732e-1 -4.42172e-1 -4.42172e-1
2.803835e0 9.3460732e-1 -3.2951701e-1 -3.2951701e-1
3.011527e0 9.3460732e-1 -2.4855e-1 -2.4855e-1
3.2192189e0 9.3460732e-1 -1.9068e-1 -1.9068e-1
3.4269109e0 9.3460732e-1 -1.4896e-1 -1.4896e-1
3.6346028e0 9.3460732e-1 -1.1841e-1 -1.1841e-1
3.8422948e0 9.3460732e-1 -9.562e-2 -9.562e-2
4.0499867e0 9.3460732e-1 -7.837e-2 -7.837e-2

-4.05e0 1.14229932e0 -1.0909e-1 -1.0909e-1
-3.842308e0 1.14229932e0 -1.3153e-1 -1.3153e-1
-3.6346161e0 1.14229932e0 -1.6037e-1 -1.6037e-1
-3.4269241e0 1.14229932e0 -1.9789e-1 -1.9789e-1
-3.2192322e0 1.14229932e0 -2.4711e-1 -2.4711e-1
-3.0115402e0 1.14229932e0 -3.1203e-1 -3.1203e-1
-2.8038483e0 1.14229932e0 -3.9736299e-1 -3.9736299e-1
-2.5961563e0 1.14229932e0 -5.0779001e-1 -5.0779001e-1
-2.3884644e0 1.14229932e0 -6.4579199e-1 -6.4579199e-1
-2.1807724e0 1.14229932e0 -8.0834e-1 -8.0834e-1
-1.9730804e0 1.14229932e0 -9.8462e-1 -9.8462e-1
-1.7653885e0 1.14229932e0 -1.158129e0 -1.158129e0
-1.5576965e0 1.14229932e0 -1.313207e0 -1.313207e0
-1.3500046e0 1.14229932e0 -1.441071e0 -1.441071e0
-1.1423126e0 1.14229932e0 -1.54027e0 -1.54027e0
-9.346207e-1 1.14229932e0 -1.61397e0 -1.61397e0
-7.269287e-1 1.14229932e0 -1.66667e0 -1.66667e0
-5.192367e-1 1.14229932e0 -1.70257e0 -1.70257e0
-3.115447e-1 1.14229932e0 -1.72479e0 -1.72479e0
-1.0385269e-1 1.14229932e0 -1.73541e0 -1.73541e0
1.0383931e-1 1.14229932e0 -1.73541e0 -1.73541e0
3.1153131e-1 1.14229932e0 -1.72479e0 -1.72479e0
5.1922331e-1 1.14229932e0 -1.70257e0 -1.70257e0
7.2691531e-1 1.14229932e0 -1.66668001e0 -1.66668001e0
9.3460732e-1 1.14229932e0 -1.61397e0 -1.61397e0
1.14229932e0 1.14229932e0 -1.540276e0 -1.540276e0
1.3499913e0 1.14229932e0 -1.441077e0 -1.441077e0
1.5576833e0 1.14229932e0 -1.31321599e0 -1.31321599e0
1.7653752e0 1.14229932e0 -1.15814e0 -1.15814e0
1.9730672e0 1.14229932e0 -9.8463148e-1 -9.8463148e-1
2.1807591e0 1.14229932e0 -8.08353e-1 -8.08353e-1
2.3884511e0 1.14229932e0 -6.45801e-1 -6.45801e-1
2.596143e0 1.14229932e0 -5.07799e-1 -5.07799e-1
2.803835e0 1.14229932e0 -3.9737e-1 -3.9737e-1
3.011527e0 1.14229932e0 -3.1203e-1 -3.1203e-1
3.2192189e0 1.14229932e0 -2.4711e-1 -2.4711e-1
3.4269109e0 1.14229932e0 -1.9789e-1 -1.9789e-1
3.6346028e0 1.14229932e0 -1.6037e-1 -1.6037e-1
3.8422948e0 1.14229932e0 -1.3153e-1 -1.3153e-1
4.0499867e0 1.14229932e0 -1.0909e-1 -1.0909e-1

-4.05e0 1.3499913e0 -1.4081e-1 -1.4081e-1
-3.842308e0 1.3499913e0 -1.6769e-1 -1.6769e-1
-3.6346161e0 1.3499913e0 -2.0141e-1 -2.0141e-1
-3.4269241e0 1.3499913e0 -2.44e-1 -2.44e-1
-3.2192322e0 1.3499913e0 -2.9788e-1 -2.9788e-1
-3.0115402e0 1.3499913e0 -3.6594e-1 -3.6594e-1
-2.8038483e0 1.3499913e0 -4.51076e-1 -4.51076e-1
-2.5961563e0 1.3499913e0 -5.555e-1 -5.555e-1
-2.3884644e0 1.3499913e0 -6.79263e-1 -6.79263e-1
-2.1807724e0 1.3499913e0 -8.18888e-1 -8.18888e-1
-1.9730804e0 1.3499913e0 -9.667768e-1 -9.667768e-1
-1.7653885e0 1.3499913e0 -1.11255301e0 -1.11255301e0
-1.5576965e0 1.3499913e0 -1.246304e0 -1.246304e0
-1.3500046e0 1.3499913e0 -1.361343e0 -1.361343e0
-1.1423126e0 1.3499913e0 -1.455071e0 -1.455071e0
-9.346207e-1 1.3499913e0 -1.52798e0 -1.52798e0
-7.269287e-1 1.3499913e0 -1.58229001e0 -1.58229001e0
-5.192367e-1 1.3499913e0 -1.62042e0 -1.62042e0
-3.115447e-1 1.3499913e0 -1.64459e0 -1.64459e0
-1.0385269e-1 1.3499913e0 -1.65628e0 -1.65628e0
1.0383931e-1 1.3499913e0 -1.65628e0 -1.65628e0
3.1153131e-1 1.3499913e0 -1.6446e0 -1.6446e0
5.1922331e-1 1.3499913e0 -1.62044e0 -1.62044e0
7.2691531e-1 1.3499913e0 -1.58231001e0 -1.58231001e0
9.3460732e-1 1.3499913e0 -1.52798e0 -1.52798e0
1.14229932e0 1.3499913e0 -1.455077e0 -1.455077e0
1.3499913e0 1.3499913e0 -1.361349e0 -1.361349e0
1.5576833e0 1.3499913e0 -1.246312e0 -1.246312e0
1.7653752e0 1.3499913e0 -1.112563e0 -1.112563e0
1.9730672e0 1.3499913e0 -9.6678668e-1 -9.6678668e-1
2.1807591e0 1.3499913e0 -8.18897e-1 -8.18897e-1
2.3884511e0 1.3499913e0 -6.7927301e-1 -6.7927301e-1
2.596143e0 1.3499913e0 -5.55507e-1 -5.55507e-1
2.803835e0 1.3499913e0 -4.51082e-1 -4.51082e-1
3.011527e0 1.3499913e0 -3.6596e-1 -3.6596e-1
3.2192189e0 1.3499913e0 -2.9788e-1 -2.9788e-1
3.4269109e0 1.3499913e0 -2.44e-1 -2.44e-1
3.6346028e0 1.3499913e0 -2.0141e-1 -2.0141e-1
3.8422948e0 1.3499913e0 -1.6769e-1 -1.6769e-1
4.0499867e0 1.3499913e0 -1.4081e-1 -1.4081e-1

-4.05e0 1.5576833e0 -1.7218001e-1 -1.7218001e-1
-3.842308e0 1.5576833e0 -2.0261e-1 -2.0261e-1
-3.6346161e0 1.5576833e0 -2.3991e-1 -2.3991e-1
-3.4269241e0 1.5576833e0 -2.8568999e-1 -2.8568999e-1
-3.2192322e0 1.5576833e0 -3.4188e-1 -3.4188e-1
-3.0115402e0 1.5576833e0 -4.1031e-1 -4.1031e-1
-2.8038483e0 1.5576833e0 -4.92653e-1 -4.92653e-1
-2.5961563e0 1.5576833e0 -5.89638e-1 -5.89638e-1
-2.3884644e0 1.5576833e0 -7.00422e-1 -7.00422e-1
-2.1807724e0 1.5576833e0 -8.2179001e-1 -8.2179001e-1
-1.9730804e0 1.5576833e0 -9.482795e-1 -9.482795e-1
-1.7653885e0 1.5576833e0 -1.073e0 -1.073e0
-1.5576965e0 1.5576833e0 -1.189205e0 -1.189205e0
-1.3500046e0 1.5576833e0 -1.291876e0 -1.291876e0
-1.1423126e0 1.5576833e0 -1.378311e0 -1.378311e0
-9.346207e-1 1.5576833e0 -1.44782999e0 -1.44782999e0
-7.269287e-1 1.5576833e0 -1.50116e0 -1.50116e0
-5.192367e-1 1.5576833e0 -1.53956e0 -1.53956e0
-3.115447e-1 1.5576833e0 -1.5643e0 -1.5643e0
-1.0385269e-1 1.5576833e0 -1.5764e0 -1.5764e0
1.0383931e-1 1.5576833e0 -1.57641e0 -1.57641e0
3.1153131e-1 1.5576833e0 -1.5643e0 -1.5643e0
5.1922331e-1 1.5576833e0 -1.53956e0 -1.53956e0
7.2691531e-1 1.5576833e0 -1.50116e0 -1.50116e0
9.3460732e-1 1.5576833e0 -1.44782999e0 -1.44782999e0
1.14229932e0 1.5576833e0 -1.37829599e0 -1.37829599e0
1.3499913e0 1.5576833e0 -1.291884e0 -1.291884e0
1.5576833e0 1.5576833e0 -1.189211e0 -1.189211e0
1.7653752e0 1.5576833e0 -1.073007e0 -1.073007e0
1.9730672e0 1.5576833e0 -9.48288e-1 -9.48288e-1
2.1807591e0 1.5576833e0 -8.2179901e-1 -8.2179901e-1
2.3884511e0 1.5576833e0 -7.00429e-1 -7.00429e-1
2.596143e0 1.5576833e0 -5.89644e-1 -5.89644e-1
2.803835e0 1.5576833e0 -4.9266e-1 -4.9266e-1
3.011527e0 1.5576833e0 -4.1031e-1 -4.1031e-1
3.2192189e0 1.5576833e0 -3.4188e-1 -3.4188e-1
3.4269109e0 1.5576833e0 -2.8568999e-1 -2.8568999e-1
3.6346028e0 1.5576833e0 -2.3991e-1 -2.3991e-1
3.8422948e0 1.5576833e0 -2.0261e-1 -2.0261e-1
4.0499867e0 1.5576833e0 -1.7218001e-1 -1.7218001e-1

-4.05e0 1.7653752e0 -2.0219e-1 -2.0219e-1
-3.842308e0 1.7653752e0 -2.3521e-1 -2.3521e-1
-3.6346161e0 1.7653752e0 -2.7484e-1 -2.7484e-1
-3.4269241e0 1.7653752e0 -3.2232e-1 -3.2232e-1
-3.2192322e0 1.7653752e0 -3.79e-1 -3.79e-1
-3.0115402e0 1.7653752e0 -4.4601001e-1 -4.4601001e-1
-2.8038483e0 1.7653752e0 -5.2422101e-1 -5.2422101e-1
-2.5961563e0 1.7653752e0 -6.13552e-1 -6.13552e-1
-2.3884644e0 1.7653752e0 -7.12844e-1 -7.12844e-1
-2.1807724e0 1.7653752e0 -8.19362e-1 -8.19362e-1
-1.9730804e0 1.7653752e0 -9.29097e-1 -9.29097e-1
-1.7653885e0 1.7653752e0 -1.037168e0 -1.037168e0
-1.5576965e0 1.7653752e0 -1.138814e0 -1.138814e0
-1.3500046e0 1.7653752e0 -1.23019e0 -1.23019e0
-1.1423126e0 1.7653752e0 -1.30883101e0 -1.30883101e0
-9.346207e-1 1.7653752e0 -1.37359999e0 -1.37359999e0
-7.269287e-1 1.7653752e0 -1.42437e0 -1.42437e0
-5.192367e-1 1.7653752e0 -1.46159999e0 -1.46159999e0
-3.115447e-1 1.7653752e0 -1.48595e0 -1.48595e0
-1.0385269e-1 1.7653752e0 -1.49795e0 -1.49795e0
1.0383931e-1 1.7653752e0 -1.49795e0 -1.49795e0
3.1153131e-1 1.7653752e0 -1.48594e0 -1.48594e0
5.1922331e-1 1.7653752e0 -1.46159999e0 -1.46159999e0
7.2691531e-1 1.7653752e0 -1.42437e0 -1.42437e0
9.3460732e-1 1.7653752e0 -1.37359999e0 -1.37359999e0
1.14229932e0 1.7653752e0 -1.308836e0 -1.308836e0
1.3499913e0 1.7653752e0 -1.230196e0 -1.230196e0
1.5576833e0 1.7653752e0 -1.138822e0 -1.138822e0
1.7653752e0 1.7653752e0 -1.03717699e0 -1.03717699e0
1.9730672e0 1.7653752e0 -9.2910449e-1 -9.2910449e-1
2.1807591e0 1.7653752e0 -8.1937e-1 -8.1937e-1
2.3884511e0 1.7653752e0 -7.12848e-1 -7.12848e-1
2.596143e0 1.7653752e0 -6.13558e-1 -6.13558e-1
2.803835e0 1.7653752e0 -5.24227e-1 -5.24227e-1
3.011527e0 1.7653752e0 -4.4603e-1 -4.4603e-1
3.2192189e0 1.7653752e0 -3.79e-1 -3.79e-1
3.4269109e0 1.7653752e0 -3.2232e-1 -3.2232e-1
3.6346028e0 1.7653752e0 -2.7484e-1 -2.7484e-1
3.8422948e0 1.7653752e0 -2.3521e-1 -2.3521e-1
4.0499867e0 1.7653752e0 -2.0221e-1 -2.0221e-1

-4.05e0 1.9730672e0 -2.3021e-1 -2.3021e-1
-3.842308e0 1.9730672e0 -2.6495e-1 -2.6495e-1
-3.6346161e0 1.9730672e0 -3.0583e-1 -3.0583e-1
-3.4269241e0 1.9730672e0 -3.5381001e-1 -3.5381001e-1
-3.2192322e0 1.9730672e0 -4.0972e-1 -4.0972e-1
-3.0115402e0 1.9730672e0 -4.7426e-1 -4.7426e-1
-2.8038483e0 1.9730672e0 -5.47714e-1 -5.47714e-1
-2.5961563e0 1.9730672e0 -6.2967401e-1 -6.2967401e-1
-2.3884644e0 1.9730672e0 -7.18882e-1 -7.18882e-1
-2.1807724e0 1.9730672e0 -8.13102e-1 -8.13102e-1
-1.9730804e0 1.9730672e0 -9.092724e-1 -9.092724e-1
-1.7653885e0 1.9730672e0 -1.003836e0 -1.003836e0
-1.5576965e0 1.9730672e0 -1.09325499e0 -1.09325499e0
-1.3500046e0 1.9730672e0 -1.174557e0 -1.174557e0
-1.1423126e0 1.9730672e0 -1.245566e0 -1.245566e0
-9.346207e-1 1.9730672e0 -1.30499e0 -1.30499e0
-7.269287e-1 1.9730672e0 -1.35235999e0 -1.35235999e0
-5.192367e-1 1.9730672e0 -1.38753e0 -1.38753e0
-3.115447e-1 1.9730672e0 -1.41079001e0 -1.41079001e0
-1.0385269e-1 1.9730672e0 -1.42234999e0 -1.42234999e0
1.0383931e-1 1.9730672e0 -1.42235999e0 -1.42235999e0
3.1153131e-1 1.9730672e0 -1.41079001e0 -1.41079001e0
5.1922331e-1 1.9730672e0 -1.38755e0 -1.38755e0
7.2691531e-1 1.9730672e0 -1.35234999e0 -1.35234999e0
9.3460732e-1 1.9730672e0 -1.30499e0 -1.30499e0
1.14229932e0 1.9730672e0 -1.245571e0 -1.245571e0
1.3499913e0 1.9730672e0 -1.174553e0 -1.174553e0
1.5576833e0 1.9730672e0 -1.093262e0 -1.093262e0
1.7653752e0 1.9730672e0 -1.00384299e0 -1.00384299e0
1.9730672e0 1.9730672e0 -9.092791e-1 -9.092791e-1
2.1807591e0 1.9730672e0 -8.13108e-1 -8.13108e-1
2.3884511e0 1.9730672e0 -7.18888e-1 -7.18888e-1
2.596143e0 1.9730672e0 -6.2967e-1 -6.2967e-1
2.803835e0 1.9730672e0 -5.4772e-1 -5.4772e-1
3.011527e0 1.9730672e0 -4.7428e-1 -4.7428e-1
3.2192189e0 1.9730672e0 -4.0972e-1 -4.0972e-1
3.4269109e0 1.9730672e0 -3.5381001e-1 -3.5381001e-1
3.6346028e0 1.9730672e0 -3.0583e-1 -3.0583e-1
3.8422948e0 1.9730672e0 -2.6495e-1 -2.6495e-1
4.0499867e0 1.9730672e0 -2.3021e-1 -2.3021e-1

-4.05e0 2.1807591e0 -2.5581e-1 -2.5581e-1
-3.842308e0 2.1807591e0 -2.9152e-1 -2.9152e-1
-3.6346161e0 2.1807591e0 -3.3281e-1 -3.3281e-1
-3.4269241e0 2.1807591e0 -3.8036e-1 -3.8036e-1
-3.2192322e0 2.1807591e0 -4.347e-1 -4.347e-1
-3.0115402e0 2.1807591e0 -4.9616e-1 -4.9616e-1
-2.8038483e0 2.1807591e0 -5.6470401e-1 -5.6470401e-1
-2.5961563e0 2.1807591e0 -6.3976001e-1 -6.3976001e-1
-2.3884644e0 2.1807591e0 -7.2014601e-1 -7.2014601e-1
-2.1807724e0 2.1807591e0 -8.0401701e-1 -8.0401701e-1
-1.9730804e0 2.1807591e0 -8.889734e-1 -8.889734e-1
-1.7653885e0 2.1807591e0 -9.7230699e-1 -9.7230699e-1
-1.5576965e0 2.1807591e0 -1.05134601e0 -1.05134601e0
-1.3500046e0 2.1807591e0 -1.123716e0 -1.123716e0
-1.1423126e0 2.1807591e0 -1.187563e0 -1.187563e0
-9.346207e-1 2.1807591e0 -1.24159e0 -1.24159e0
-7.269287e-1 2.1807591e0 -1.28515e0 -1.28515e0
-5.192367e-1 2.1807591e0 -1.31782e0 -1.31782e0
-3.115447e-1 2.1807591e0 -1.3396e0 -1.3396e0
-1.0385269e-1 2.1807591e0 -1.35046e0 -1.35046e0
1.0383931e-1 2.1807591e0 -1.35046e0 -1.35046e0
3.1153131e-1 2.1807591e0 -1.3396e0 -1.3396e0
5.1922331e-1 2.1807591e0 -1.31784001e0 -1.31784001e0
7.2691531e-1 2.1807591e0 -1.28515e0 -1.28515e0
9.3460732e-1 2.1807591e0 -1.2416e0 -1.2416e0
1.14229932e0 2.1807591e0 -1.187569e0 -1.187569e0
1.3499913e0 2.1807591e0 -1.12372e0 -1.12372e0
1.5576833e0 2.1807591e0 -1.051352e0 -1.051352e0
1.7653752e0 2.1807591e0 -9.72313e-1 -9.72313e-1
1.9730672e0 2.1807591e0 -8.889794e-1 -8.889794e-1
2.1807591e0 2.1807591e0 -8.0402301e-1 -8.0402301e-1
2.3884511e0 2.1807591e0 -7.2015201e-1 -7.2015201e-1
2.596143e0 2.1807591e0 -6.3976701e-1 -6.3976701e-1
2.803835e0 2.1807591e0 -5.6470801e-1 -5.6470801e-1
3.011527e0 2.1807591e0 -4.9616e-1 -4.9616e-1
3.2192189e0 2.1807591e0 -4.347e-1 -4.347e-1
3.4269109e0 2.1807591e0 -3.8036e-1 -3.8036e-1
3.6346028e0 2.1807591e0 -3.3281e-1 -3.3281e-1
3.8422948e0 2.1807591e0 -2.9152e-1 -2.9152e-1
4.0499867e0 2.1807591e0 -2.5581e-1 -2.5581e-1

-4.05e0 2.3884511e0 -2.7884999e-1 -2.7884999e-1
-3.842308e0 2.3884511e0 -3.1487001e-1 -3.1487001e-1
-3.6346161e0 2.3884511e0 -3.5591e-1 -3.5591e-1
-3.4269241e0 2.3884511e0 -4.024e-1 -4.024e-1
-3.2192322e0 2.3884511e0 -4.5463e-1 -4.5463e-1
-3.0115402e0 2.3884511e0 -5.1275e-1 -5.1275e-1
-2.8038483e0 2.3884511e0 -5.7645e-1 -5.7645e-1
-2.5961563e0 2.3884511e0 -6.45166e-1 -6.45166e-1
-2.3884644e0 2.3884511e0 -7.17804e-1 -7.17804e-1
-2.1807724e0 2.3884511e0 -7.9282901e-1 -7.9282901e-1
-1.9730804e0 2.3884511e0 -8.683301e-1 -8.683301e-1
-1.7653885e0 2.3884511e0 -9.42198e-1 -9.42198e-1
-1.5576965e0 2.3884511e0 -1.01234e0 -1.01234e0
-1.3500046e0 2.3884511e0 -1.076835e0 -1.076835e0
-1.1423126e0 2.3884511e0 -1.13410301e0 -1.13410301e0
-9.346207e-1 2.3884511e0 -1.18297e0 -1.18297e0
-7.269287e-1 2.3884511e0 -1.22262999e0 -1.22262999e0
-5.192367e-1 2.3884511e0 -1.25262999e0 -1.25262999e0
-3.115447e-1 2.3884511e0 -1.27270999e0 -1.27270999e0
-1.0385269e-1 2.3884511e0 -1.28276e0 -1.28276e0
1.0383931e-1 2.3884511e0 -1.28276e0 -1.28276e0
3.1153131e-1 2.3884511e0 -1.27268999e0 -1.27268999e0
5.1922331e-1 2.3884511e0 -1.25262999e0 -1.25262999e0
7.2691531e-1 2.3884511e0 -1.22262001e0 -1.22262001e0
9.3460732e-1 2.3884511e0 -1.18297e0 -1.18297e0
1.14229932e0 2.3884511e0 -1.134108e0 -1.134108e0
1.3499913e0 2.3884511e0 -1.07684001e0 -1.07684001e0
1.5576833e0 2.3884511e0 -1.012347e0 -1.012347e0
1.7653752e0 2.3884511e0 -9.42203e-1 -9.42203e-1
1.9730672e0 2.3884511e0 -8.6833578e-1 -8.6833578e-1
2.1807591e0 2.3884511e0 -7.92835e-1 -7.92835e-1
2.3884511e0 2.3884511e0 -7.1781e-1 -7.1781e-1
2.596143e0 2.3884511e0 -6.4517099e-1 -6.4517099e-1
2.803835e0 2.3884511e0 -5.76454e-1 -5.76454e-1
3.011527e0 2.3884511e0 -5.1275e-1 -5.1275e-1
3.2192189e0 2.3884511e0 -4.5463e-1 -4.5463e-1
3.4269109e0 2.3884511e0 -4.0239e-1 -4.0239e-1
3.6346028e0 2.3884511e0 -3.5591e-1 -3.5591e-1
3.8422948e0 2.3884511e0 -3.1487001e-1 -3.1487001e-1
4.0499867e0 2.3884511e0 -2.7884999e-1 -2.7884999e-1

-4.05e0 2.596143e0 -2.9924e-1 -2.9924e-1
-3.842308e0 2.596143e0 -3.3511e-1 -3.3511e-1
-3.6346161e0 2.596143e0 -3.7540999e-1 -3.7540999e-1
-3.4269241e0 2.596143e0 -4.2041e-1 -4.2041e-1
-3.2192322e0 2.596143e0 -4.7026e-1 -4.7026e-1
-3.0115402e0 2.596143e0 -5.2487e-1 -5.2487e-1
-2.8038483e0 2.596143e0 -5.83968e-1 -5.83968e-1
-2.5961563e0 2.596143e0 -6.4688899e-1 -6.4688899e-1
-2.3884644e0 2.596143e0 -7.12684e-1 -7.12684e-1
-2.1807724e0 2.596143e0 -7.8006601e-1 -7.8006601e-1
-1.9730804e0 2.596143e0 -8.474987e-1 -8.474987e-1
-1.7653885e0 2.596143e0 -9.1329399e-1 -9.1329399e-1
-1.5576965e0 2.596143e0 -9.7574199e-1 -9.7574199e-1
-1.3500046e0 2.596143e0 -1.033297e0 -1.033297e0
-1.1423126e0 2.596143e0 -1.08462e0 -1.08462e0
-9.346207e-1 2.596143e0 -1.12862999e0 -1.12862999e0
-7.269287e-1 2.596143e0 -1.16454999e0 -1.16454999e0
-5.192367e-1 2.596143e0 -1.19184999e0 -1.19184999e0
-3.115447e-1 2.596143e0 -1.21019e0 -1.21019e0
-1.0385269e-1 2.596143e0 -1.21940001e0 -1.21940001e0
1.0383931e-1 2.596143e0 -1.21941e0 -1.21941e0
3.1153131e-1 2.596143e0 -1.21019e0 -1.21019e0
5.1922331e-1 2.596143e0 -1.19184999e0 -1.19184999e0
7.2691531e-1 2.596143e0 -1.16454999e0 -1.16454999e0
9.3460732e-1 2.596143e0 -1.12862999e0 -1.12862999e0
1.14229932e0 2.596143e0 -1.084622e0 -1.084622e0
1.3499913e0 2.596143e0 -1.033302e0 -1.033302e0
1.5576833e0 2.596143e0 -9.75747e-1 -9.75747e-1
1.7653752e0 2.596143e0 -9.1327899e-1 -9.1327899e-1
1.9730672e0 2.596143e0 -8.475037e-1 -8.475037e-1
2.1807591e0 2.596143e0 -7.80072e-1 -7.80072e-1
2.3884511e0 2.596143e0 -7.12689e-1 -7.12689e-1
2.596143e0 2.596143e0 -6.46895e-1 -6.46895e-1
2.803835e0 2.596143e0 -5.83972e-1 -5.83972e-1
3.011527e0 2.596143e0 -5.2487e-1 -5.2487e-1
3.2192189e0 2.596143e0 -4.7026e-1 -4.7026e-1
3.4269109e0 2.596143e0 -4.2043001e-1 -4.2043001e-1
3.6346028e0 2.596143e0 -3.7540999e-1 -3.7540999e-1
3.8422948e0 2.596143e0 -3.3511e-1 -3.3511e-1
4.0499867e0 2.596143e0 -2.9924e-1 -2.9924e-1

-4.05e0 2.803835e0 -3.1709e-1 -3.1709e-1
-3.842308e0 2.803835e0 -3.5242e-1 -3.5242e-1
-3.6346161e0 2.803835e0 -3.9163e-1 -3.9163e-1
-3.4269241e0 2.803835e0 -4.3485999e-1 -4.3485999e-1
-3.2192322e0 2.803835e0 -4.8217e-1 -4.8217e-1
-3.0115402e0 2.803835e0 -5.3333e-1 -5.3333e-1
-2.8038483e0 2.803835e0 -5.8805199e-1 -5.8805199e-1
-2.5961563e0 2.803835e0 -6.45724e-1 -6.45724e-1
-2.3884644e0 2.803835e0 -7.05441e-1 -7.05441e-1
-2.1807724e0 2.803835e0 -7.6618001e-1 -7.6618001e-1
-1.9730804e0 2.803835e0 -8.2663069e-1 -8.2663069e-1
-1.7653885e0 2.803835e0 -8.8544598e-1 -8.8544598e-1
-1.5576965e0 2.803835e0 -9.41224e-1 -9.41224e-1
-1.3500046e0 2.803835e0 -9.92688e-1 -9.92688e-1
-1.1423126e0 2.803835e0 -1.038672e0 -1.038672e0
-9.346207e-1 2.803835e0 -1.07823999e0 -1.07823999e0
-7.269287e-1 2.803835e0 -1.11064e0 -1.11064e0
-5.192367e-1 2.803835e0 -1.13535e0 -1.13535e0
-3.115447e-1 2.803835e0 -1.15199e0 -1.15199e0
-1.0385269e-1 2.803835e0 -1.16037e0 -1.16037e0
1.0383931e-1 2.803835e0 -1.16037e0 -1.16037e0
3.1153131e-1 2.803835e0 -1.15199e0 -1.15199e0
5.1922331e-1 2.803835e0 -1.13535e0 -1.13535e0
7.2691531e-1 2.803835e0 -1.11064e0 -1.11064e0
9.3460732e-1 2.803835e0 -1.07825e0 -1.07825e0
1.14229932e0 2.803835e0 -1.038676e0 -1.038676e0
1.3499913e0 2.803835e0 -9.92692e-1 -9.92692e-1
1.5576833e0 2.803835e0 -9.4122899e-1 -9.4122899e-1
1.7653752e0 2.803835e0 -8.8545099e-1 -8.8545099e-1
1.9730672e0 2.803835e0 -8.2663539e-1 -8.2663539e-1
2.1807591e0 2.803835e0 -7.66184e-1 -7.66184e-1
2.3884511e0 2.803835e0 -7.05446e-1 -7.05446e-1
2.596143e0 2.803835e0 -6.45729e-1 -6.45729e-1
2.803835e0 2.803835e0 -5.88056e-1 -5.88056e-1
3.011527e0 2.803835e0 -5.3334e-1 -5.3334e-1
3.2192189e0 2.803835e0 -4.8217e-1 -4.8217e-1
3.4269109e0 2.803835e0 -4.3485999e-1 -4.3485999e-1
3.6346028e0 2.803835e0 -3.9163e-1 -3.9163e-1
3.8422948e0 2.803835e0 -3.5242e-1 -3.5242e-1
4.0499867e0 2.803835e0 -3.1709e-1 -3.1709e-1

-4.05e0 3.011527e0 -3.3251e-1 -3.3251e-1
-3.842308e0 3.011527e0 -3.67e-1 -3.67e-1
-3.6346161e0 3.011527e0 -4.0489e-1 -4.0489e-1
-3.4269241e0 3.011527e0 -4.462e-1 -4.462e-1
-3.2192322e0 3.011527e0 -4.9089e-1 -4.9089e-1
-3.0115402e0 3.011527e0 -5.3875e-1 -5.3875e-1
-2.8038483e0 3.011527e0 -5.8937201e-1 -5.8937201e-1
-2.5961563e0 3.011527e0 -6.4224701e-1 -6.4224701e-1
-2.3884644e0 3.011527e0 -6.96586e-1 -6.96586e-1
-2.1807724e0 3.011527e0 -7.5148e-1 -7.5148e-1
-1.9730804e0 3.011527e0 -8.058786e-1 -8.058786e-1
-1.7653885e0 3.011527e0 -8.5861e-1 -8.5861e-1
-1.5576965e0 3.011527e0 -9.0857399e-1 -9.0857399e-1
-1.3500046e0 3.011527e0 -9.5465999e-1 -9.5465999e-1
-1.1423126e0 3.011527e0 -9.95884e-1 -9.95884e-1
-9.346207e-1 3.011527e0 -1.03140999e0 -1.03140999e0
-7.269287e-1 3.011527e0 -1.06059e0 -1.06059e0
-5.192367e-1 3.011527e0 -1.08287001e0 -1.08287001e0
-3.115447e-1 3.011527e0 -1.09793e0 -1.09793e0
-1.0385269e-1 3.011527e0 -1.1055e0 -1.1055e0
1.0383931e-1 3.011527e0 -1.10553001e0 -1.10553001e0
3.1153131e-1 3.011527e0 -1.09793e0 -1.09793e0
5.1922331e-1 3.011527e0 -1.08288e0 -1.08288e0
7.2691531e-1 3.011527e0 -1.06056999e0 -1.06056999e0
9.3460732e-1 3.011527e0 -1.0314e0 -1.0314e0
1.14229932e0 3.011527e0 -9.9588701e-1 -9.9588701e-1
1.3499913e0 3.011527e0 -9.54665e-1 -9.54665e-1
1.5576833e0 3.011527e0 -9.08577e-1 -9.08577e-1
1.7653752e0 3.011527e0 -8.5861499e-1 -8.5861499e-1
1.9730672e0 3.011527e0 -8.05883e-1 -8.05883e-1
2.1807591e0 3.011527e0 -7.51485e-1 -7.51485e-1
2.3884511e0 3.011527e0 -6.9659001e-1 -6.9659001e-1
2.596143e0 3.011527e0 -6.4225e-1 -6.4225e-1
2.803835e0 3.011527e0 -5.89375e-1 -5.89375e-1
3.011527e0 3.011527e0 -5.3875e-1 -5.3875e-1
3.2192189e0 3.011527e0 -4.9089e-1 -4.9089e-1
3.4269109e0 3.011527e0 -4.4621e-1 -4.4621e-1
3.6346028e0 3.011527e0 -4.0490001e-1 -4.0490001e-1
3.8422948e0 3.011527e0 -3.67e-1 -3.67e-1
4.0499867e0 3.011527e0 -3.3251e-1 -3.3251e-1

-4.05e0 3.2192189e0 -3.4566e-1 -3.4566e-1
-3.842308e0 3.2192189e0 -3.7914e-1 -3.7914e-1
-3.6346161e0 3.2192189e0 -4.1554999e-1 -4.1554999e-1
-3.4269241e0 3.2192189e0 -4.5483e-1 -4.5483e-1
-3.2192322e0 3.2192189e0 -4.9693e-1 -4.9693e-1
-3.0115402e0 3.2192189e0 -5.4159999e-1 -5.4159999e-1
-2.8038483e0 3.2192189e0 -5.88456e-1 -5.88456e-1
-2.5961563e0 3.2192189e0 -6.3699e-1 -6.3699e-1
-2.3884644e0 3.2192189e0 -6.8651901e-1 -6.8651901e-1
-2.1807724e0 3.2192189e0 -7.3626501e-1 -7.3626501e-1
-1.9730804e0 3.2192189e0 -7.853218e-1 -7.853218e-1
-1.7653885e0 3.2192189e0 -8.32777e-1 -8.32777e-1
-1.5576965e0 3.2192189e0 -8.77616e-1 -8.77616e-1
-1.3500046e0 3.2192189e0 -9.18957e-1 -9.18957e-1
-1.1423126e0 3.2192189e0 -9.55946e-1 -9.55946e-1
-9.346207e-1 3.2192189e0 -9.8789e-1 -9.8789e-1
-7.269287e-1 3.2192189e0 -1.0141e0 -1.0141e0
-5.192367e-1 3.2192189e0 -1.03418999e0 -1.03418999e0
-3.115447e-1 3.2192189e0 -1.04773e0 -1.04773e0
-1.0385269e-1 3.2192189e0 -1.05459001e0 -1.05459001e0
1.0383931e-1 3.2192189e0 -1.05458e0 -1.05458e0
3.1153131e-1 3.2192189e0 -1.04775e0 -1.04775e0
5.1922331e-1 3.2192189e0 -1.03418999e0 -1.03418999e0
7.2691531e-1 3.2192189e0 -1.0141e0 -1.0141e0
9.3460732e-1 3.2192189e0 -9.8787999e-1 -9.8787999e-1
1.14229932e0 3.2192189e0 -9.55951e-1 -9.55951e-1
1.3499913e0 3.2192189e0 -9.1896199e-1 -9.1896199e-1
1.5576833e0 3.2192189e0 -8.7762e-1 -8.7762e-1
1.7653752e0 3.2192189e0 -8.3276e-1 -8.3276e-1
1.9730672e0 3.2192189e0 -7.85326e-1 -7.85326e-1
2.1807591e0 3.2192189e0 -7.36268e-1 -7.36268e-1
2.3884511e0 3.2192189e0 -6.8652301e-1 -6.8652301e-1
2.596143e0 3.2192189e0 -6.36994e-1 -6.36994e-1
2.803835e0 3.2192189e0 -5.8846e-1 -5.8846e-1
3.011527e0 3.2192189e0 -5.4159999e-1 -5.4159999e-1
3.2192189e0 3.2192189e0 -4.9695e-1 -4.9695e-1
3.4269109e0 3.2192189e0 -4.5483e-1 -4.5483e-1
3.6346028e0 3.2192189e0 -4.1554999e-1 -4.1554999e-1
3.8422948e0 3.2192189e0 -3.7914e-1 -3.7914e-1
4.0499867e0 3.2192189e0 -3.4566e-1 -3.4566e-1

-4.05e0 3.4269109e0 -3.5675e-1 -3.5675e-1
-3.842308e0 3.4269109e0 -3.8905e-1 -3.8905e-1
-3.6346161e0 3.4269109e0 -4.2386e-1 -4.2386e-1
-3.4269241e0 3.4269109e0 -4.6114e-1 -4.6114e-1
-3.2192322e0 3.4269109e0 -5.0072e-1 -5.0072e-1
-3.0115402e0 3.4269109e0 -5.4236e-1 -5.4236e-1
-2.8038483e0 3.4269109e0 -5.8572e-1 -5.8572e-1
-2.5961563e0 3.4269109e0 -6.3029199e-1 -6.3029199e-1
-2.3884644e0 3.4269109e0 -6.75524e-1 -6.75524e-1
-2.1807724e0 3.4269109e0 -7.20712e-1 -7.20712e-1
-1.9730804e0 3.4269109e0 -7.65105e-1 -7.65105e-1
-1.7653885e0 3.4269109e0 -8.07861e-1 -8.07861e-1
-1.5576965e0 3.4269109e0 -8.48216e-1 -8.48216e-1
-1.3500046e0 3.4269109e0 -8.8539099e-1 -8.8539099e-1
-1.1423126e0 3.4269109e0 -9.18632e-1 -9.18632e-1
-9.346207e-1 3.4269109e0 -9.4732e-1 -9.4732e-1
-7.269287e-1 3.4269109e0 -9.7092e-1 -9.7092e-1
-5.192367e-1 3.4269109e0 -9.8895e-1 -9.8895e-1
-3.115447e-1 3.4269109e0 -1.00117e0 -1.00117e0
-1.0385269e-1 3.4269109e0 -1.00734999e0 -1.00734999e0
1.0383931e-1 3.4269109e0 -1.00734999e0 -1.00734999e0
3.1153131e-1 3.4269109e0 -1.00117e0 -1.00117e0
5.1922331e-1 3.4269109e0 -9.8895e-1 -9.8895e-1
7.2691531e-1 3.4269109e0 -9.7091e-1 -9.7091e-1
9.3460732e-1 3.4269109e0 -9.4732e-1 -9.4732e-1
1.14229932e0 3.4269109e0 -9.18635e-1 -9.18635e-1
1.3499913e0 3.4269109e0 -8.85396e-1 -8.85396e-1
1.5576833e0 3.4269109e0 -8.4821901e-1 -8.4821901e-1
1.7653752e0 3.4269109e0 -8.07866e-1 -8.07866e-1
1.9730672e0 3.4269109e0 -7.6508899e-1 -7.6508899e-1
2.1807591e0 3.4269109e0 -7.2071701e-1 -7.2071701e-1
2.3884511e0 3.4269109e0 -6.7552701e-1 -6.7552701e-1
2.596143e0 3.4269109e0 -6.30295e-1 -6.30295e-1
2.803835e0 3.4269109e0 -5.85722e-1 -5.85722e-1
3.011527e0 3.4269109e0 -5.4234e-1 -5.4234e-1
3.2192189e0 3.4269109e0 -5.0073e-1 -5.0073e-1
3.4269109e0 3.4269109e0 -4.6114e-1 -4.6114e-1
3.6346028e0 3.4269109e0 -4.2386e-1 -4.2386e-1
3.8422948e0 3.4269109e0 -3.8905e-1 -3.8905e-1
4.0499867e0 3.4269109e0 -3.5673001e-1 -3.5673001e-1

-4.05e0 3.6346028e0 -3.6594e-1 -3.6594e-1
-3.842308e0 3.6346028e0 -3.9697e-1 -3.9697e-1
-3.6346161e0 3.6346028e0 -4.3018001e-1 -4.3018001e-1
-3.4269241e0 3.6346028e0 -4.6544e-1 -4.6544e-1
-3.2192322e0 3.6346028e0 -5.0258e-1 -5.0258e-1
-3.0115402e0 3.6346028e0 -5.4137999e-1 -5.4137999e-1
-2.8038483e0 3.6346028e0 -5.81523e-1 -5.81523e-1
-2.5961563e0 3.6346028e0 -6.2252e-1 -6.2252e-1
-2.3884644e0 3.6346028e0 -6.63886e-1 -6.63886e-1
-2.1807724e0 3.6346028e0 -7.05005e-1 -7.05005e-1
-1.9730804e0 3.6346028e0 -7.4524629e-1 -7.4524629e-1
-1.7653885e0 3.6346028e0 -7.83915e-1 -7.83915e-1
-1.5576965e0 3.6346028e0 -8.20312e-1 -8.20312e-1
-1.3500046e0 3.6346028e0 -8.53772e-1 -8.53772e-1
-1.1423126e0 3.6346028e0 -8.8369e-1 -8.8369e-1
-9.346207e-1 3.6346028e0 -9.0948e-1 -9.0948e-1
-7.269287e-1 3.6346028e0 -9.3072e-1 -9.3072e-1
-5.192367e-1 3.6346028e0 -9.4695e-1 -9.4695e-1
-3.115447e-1 3.6346028e0 -9.5795999e-1 -9.5795999e-1
-1.0385269e-1 3.6346028e0 -9.635e-1 -9.635e-1
1.0383931e-1 3.6346028e0 -9.635e-1 -9.635e-1
3.1153131e-1 3.6346028e0 -9.5795999e-1 -9.5795999e-1
5.1922331e-1 3.6346028e0 -9.4696e-1 -9.4696e-1
7.2691531e-1 3.6346028e0 -9.3072e-1 -9.3072e-1
9.3460732e-1 3.6346028e0 -9.0951e-1 -9.0951e-1
1.14229932e0 3.6346028e0 -8.83674e-1 -8.83674e-1
1.3499913e0 3.6346028e0 -8.53777e-1 -8.53777e-1
1.5576833e0 3.6346028e0 -8.2031499e-1 -8.2031499e-1
1.7653752e0 3.6346028e0 -7.8392e-1 -7.8392e-1
1.9730672e0 3.6346028e0 -7.4524998e-1 -7.4524998e-1
2.1807591e0 3.6346028e0 -7.05008e-1 -7.05008e-1
2.3884511e0 3.6346028e0 -6.63889e-1 -6.63889e-1
2.596143e0 3.6346028e0 -6.22524e-1 -6.22524e-1
2.803835e0 3.6346028e0 -5.81526e-1 -5.81526e-1
3.011527e0 3.6346028e0 -5.414e-1 -5.414e-1
3.2192189e0 3.6346028e0 -5.0258e-1 -5.0258e-1
3.4269109e0 3.6346028e0 -4.6544e-1 -4.6544e-1
3.6346028e0 3.6346028e0 -4.3019e-1 -4.3019e-1
3.8422948e0 3.6346028e0 -3.9697e-1 -3.9697e-1
4.0499867e0 3.6346028e0 -3.6594e-1 -3.6594e-1

-4.05e0 3.8422948e0 -3.7343e-1 -3.7343e-1
-3.842308e0 3.8422948e0 -4.0317e-1 -4.0317e-1
-3.6346161e0 3.8422948e0 -4.3471e-1 -4.3471e-1
-3.4269241e0 3.8422948e0 -4.6802e-1 -4.6802e-1
-3.2192322e0 3.8422948e0 -5.0284999e-1 -5.0284999e-1
-3.0115402e0 3.8422948e0 -5.39e-1 -5.39e-1
-2.8038483e0 3.8422948e0 -5.76152e-1 -5.76152e-1
-2.5961563e0 3.8422948e0 -6.1390799e-1 -6.1390799e-1
-2.3884644e0 3.8422948e0 -6.51791e-1 -6.51791e-1
-2.1807724e0 3.8422948e0 -6.8928401e-1 -6.8928401e-1
-1.9730804e0 3.8422948e0 -7.2584589e-1 -7.2584589e-1
-1.7653885e0 3.8422948e0 -7.6086699e-1 -7.6086699e-1
-1.5576965e0 3.8422948e0 -7.9377e-1 -7.9377e-1
-1.3500046e0 3.8422948e0 -8.24e-1 -8.24e-1
-1.1423126e0 3.8422948e0 -8.5093001e-1 -8.5093001e-1
-9.346207e-1 3.8422948e0 -8.7418e-1 -8.7418e-1
-7.269287e-1 3.8422948e0 -8.9328e-1 -8.9328e-1
-5.192367e-1 3.8422948e0 -9.0791e-1 -9.0791e-1
-3.115447e-1 3.8422948e0 -9.1781e-1 -9.1781e-1
-1.0385269e-1 3.8422948e0 -9.2281e-1 -9.2281e-1
1.0383931e-1 3.8422948e0 -9.2281e-1 -9.2281e-1
3.1153131e-1 3.8422948e0 -9.1781e-1 -9.1781e-1
5.1922331e-1 3.8422948e0 -9.0791e-1 -9.0791e-1
7.2691531e-1 3.8422948e0 -8.9328e-1 -8.9328e-1
9.3460732e-1 3.8422948e0 -8.7418e-1 -8.7418e-1
1.14229932e0 3.8422948e0 -8.5093301e-1 -8.5093301e-1
1.3499913e0 3.8422948e0 -8.23971e-1 -8.23971e-1
1.5576833e0 3.8422948e0 -7.9377301e-1 -7.9377301e-1
1.7653752e0 3.8422948e0 -7.6087e-1 -7.6087e-1
1.9730672e0 3.8422948e0 -7.258494e-1 -7.258494e-1
2.1807591e0 3.8422948e0 -6.8928801e-1 -6.8928801e-1
2.3884511e0 3.8422948e0 -6.51794e-1 -6.51794e-1
2.596143e0 3.8422948e0 -6.13911e-1 -6.13911e-1
2.803835e0 3.8422948e0 -5.76157e-1 -5.76157e-1
3.011527e0 3.8422948e0 -5.39e-1 -5.39e-1
3.2192189e0 3.8422948e0 -5.0284999e-1 -5.0284999e-1
3.4269109e0 3.8422948e0 -4.6802e-1 -4.6802e-1
3.6346028e0 3.8422948e0 -4.3473e-1 -4.3473e-1
3.8422948e0 3.8422948e0 -4.0317e-1 -4.0317e-1
4.0499867e0 3.8422948e0 -3.7343e-1 -3.7343e-1

-4.05e0 4.0499867e0 -3.7939e-1 -3.7939e-1
-3.842308e0 4.0499867e0 -4.0778e-1 -4.0778e-1
-3.6346161e0 4.0499867e0 -4.3773999e-1 -4.3773999e-1
-3.4269241e0 4.0499867e0 -4.6914e-1 -4.6914e-1
-3.2192322e0 4.0499867e0 -5.0176999e-1 -5.0176999e-1
-3.0115402e0 4.0499867e0 -5.3545e-1 -5.3545e-1
-2.8038483e0 4.0499867e0 -5.6985599e-1 -5.6985599e-1
-2.5961563e0 4.0499867e0 -6.0464e-1 -6.0464e-1
-2.3884644e0 4.0499867e0 -6.3940102e-1 -6.3940102e-1
-2.1807724e0 4.0499867e0 -6.7366e-1 -6.7366e-1
-1.9730804e0 4.0499867e0 -7.069467e-1 -7.069467e-1
-1.7653885e0 4.0499867e0 -7.38742e-1 -7.38742e-1
-1.5576965e0 4.0499867e0 -7.68535e-1 -7.68535e-1
-1.3500046e0 4.0499867e0 -7.95836e-1 -7.95836e-1
-1.1423126e0 4.0499867e0 -8.20181e-1 -8.20181e-1
-9.346207e-1 4.0499867e0 -8.4115999e-1 -8.4115999e-1
-7.269287e-1 4.0499867e0 -8.5840001e-1 -8.5840001e-1
-5.192367e-1 4.0499867e0 -8.7156e-1 -8.7156e-1
-3.115447e-1 4.0499867e0 -8.805e-1 -8.805e-1
-1.0385269e-1 4.0499867e0 -8.8498999e-1 -8.8498999e-1
1.0383931e-1 4.0499867e0 -8.8498999e-1 -8.8498999e-1
3.1153131e-1 4.0499867e0 -8.805e-1 -8.805e-1
5.1922331e-1 4.0499867e0 -8.7157999e-1 -8.7157999e-1
7.2691531e-1 4.0499867e0 -8.5840001e-1 -8.5840001e-1
9.3460732e-1 4.0499867e0 -8.4116e-1 -8.4116e-1
1.14229932e0 4.0499867e0 -8.20184e-1 -8.20184e-1
1.3499913e0 4.0499867e0 -7.9583899e-1 -7.9583899e-1
1.5576833e0 4.0499867e0 -7.6854001e-1 -7.6854001e-1
1.7653752e0 4.0499867e0 -7.38745e-1 -7.38745e-1
1.9730672e0 4.0499867e0 -7.0695e-1 -7.0695e-1
2.1807591e0 4.0499867e0 -6.73662e-1 -6.73662e-1
2.3884511e0 4.0499867e0 -6.39404e-1 -6.39404e-1
2.596143e0 4.0499867e0 -6.04643e-1 -6.04643e-1
2.803835e0 4.0499867e0 -5.69859e-1 -5.69859e-1
3.011527e0 4.0499867e0 -5.3546e-1 -5.3546e-1
3.2192189e0 4.0499867e0 -5.0179e-1 -5.0179e-1
3.4269109e0 4.0499867e0 -4.6912e-1 -4.6912e-1
3.6346028e0 4.0499867e0 -4.3773999e-1 -4.3773999e-1
3.8422948e0 4.0499867e0 -4.0778e-1 -4.0778e-1
4.0499867e0 4.0499867e0 -3.7939e-1 -3.7939e-1
