    -20000       0.08 
    -19500       0.09 
    -19000       0.09 
    -18500       0.10 
    -18000       0.10 
    -17500       0.11 
    -17000       0.12 
    -16500       0.13 
    -16000       0.14 
    -15500       0.15 
    -15000       0.16 
    -14500       0.17 
    -14000       0.19 
    -13500       0.20 
    -13000       0.22 
    -12500       0.24 
    -12000       0.27 
    -11500       0.30 
    -11000       0.33 
    -10500       0.37 
    -10000       0.43 
     -9500       0.49 
     -9000       0.56 
     -8500       0.66 
     -8000       0.79 
     -7500       0.96 
     -7000       1.20 
     -6500       1.55 
     -6000       2.07 
     -5500       2.84 
     -5000       3.85 
     -4500       4.86 
     -4000       5.63 
     -3500       6.14 
     -3000       6.48 
     -2500       6.70 
     -2000       6.86 
     -1500       6.96 
     -1000       7.02 
      -500       7.06 
         0       7.07 
       500       7.06 
      1000       7.02 
      1500       6.96 
      2000       6.86 
      2500       6.70 
      3000       6.48 
      3500       6.14 
      4000       5.63 
      4500       4.86 
      5000       3.85 
      5500       2.84 
      6000       2.07 
      6500       1.55 
      7000       1.20 
      7500       0.96 
      8000       0.79 
      8500       0.66 
      9000       0.56 
      9500       0.49 
     10000       0.43 
     10500       0.37 
     11000       0.33 
     11500       0.30 
     12000       0.27 
     12500       0.24 
     13000       0.22 
     13500       0.20 
     14000       0.19 
     14500       0.17 
     15000       0.16 
     15500       0.15 
     16000       0.14 
     16500       0.13 
     17000       0.12 
     17500       0.11 
     18000       0.10 
     18500       0.10 
     19000       0.09 
     19500       0.09 
     20000       0.08 
